Time	Goal	In	Out
0.000111146	100	2	0.98
0.00034047	100	1	0.99
0.000464168	100	2	0.98
0.00058396	100	2	0.98
0.000702658	100	1	0.99
0.000821252	100	1	0.99
0.000939586	100	3	0.97
0.00105802	100	4	0.96
0.00117683	100	4	0.96
0.00129563	100	4	0.96
0.0014136	100	6	0.94
0.00153224	100	3	0.97
0.00165058	100	7	0.93
0.00176823	100	6	0.94
0.00188683	100	6	0.94
0.00200521	100	7	0.93
0.00212235	100	9	0.91
0.00224021	100	11	0.89
0.00235829	100	9	0.91
0.00247579	100	9	0.91
0.00259318	100	10	0.9
0.00271115	100	10	0.9
0.00282839	100	10	0.9
0.00294615	100	11	0.89
0.00306355	100	11	0.89
0.00318105	100	12	0.88
0.0032985	100	12	0.88
0.00341641	100	13	0.87
0.00353381	100	13	0.87
0.00365105	100	14	0.86
0.00376876	100	14	0.86
0.00388522	100	14	0.86
0.00400334	100	15	0.85
0.00412162	100	15	0.85
0.00423938	100	16	0.84
0.00435647	100	16	0.84
0.00447465	100	16	0.84
0.00459225	100	17	0.83
0.00470959	100	17	0.83
0.00482668	100	18	0.82
0.00494433	100	18	0.82
0.00506126	100	19	0.81
0.00517819	100	19	0.81
0.00529559	100	19	0.81
0.00541288	100	20	0.8
0.00553111	100	20	0.8
0.0056484	100	20	0.8
0.0057659	100	21	0.79
0.00588381	100	22	0.78
0.00600085	100	22	0.78
0.00611845	100	22	0.78
0.00623527	100	22	0.78
0.00635241	100	23	0.77
0.00646991	100	23	0.77
0.00658626	100	25	0.75
0.00670491	100	24	0.76
0.00682215	100	24	0.76
0.00693949	100	26	0.74
0.007056	100	23	0.77
0.0071734	100	24	0.76
0.0072908	100	26	0.74
0.00740773	100	26	0.74
0.00752684	100	26	0.74
0.00764439	100	27	0.73
0.00776246	100	24	0.76
0.00787929	100	26	0.74
0.00799648	100	30	0.7
0.00811408	100	26	0.74
0.00823085	100	30	0.7
0.00834778	100	27	0.73
0.00846544	100	28	0.72
0.00858299	100	29	0.71
0.00870038	100	30	0.7
0.00881788	100	30	0.7
0.00893455	100	30	0.7
0.0090509	100	31	0.69
0.00916815	100	31	0.69
0.00928533	100	31	0.69
0.00940252	100	31	0.69
0.00951966	100	33	0.67
0.00963742	100	29	0.71
0.00975481	100	31	0.69
0.00987242	100	34	0.66
0.00999049	100	33	0.67
0.0124925	100	39	0.61
0.0127963	100	40	0.6
0.0129841	100	40	0.6
0.0131696	100	40	0.6
0.0134302	100	42	0.58
0.0136831	100	41	0.59
0.0139323	100	42	0.58
0.0144608	100	43	0.57
0.0147246	100	43	0.57
0.0149722	100	44	0.56
0.0152189	100	44	0.56
0.0154631	100	44	0.56
0.0157083	100	45	0.55
0.0159536	100	45	0.55
0.0161986	100	46	0.54
0.0164432	100	47	0.53
0.0166857	100	46	0.54
0.0169314	100	47	0.53
0.0192891	100	51	0.49
0.019582	100	52	0.48
0.0197703	100	51	0.49
0.019952	100	51	0.49
0.0202961	100	52	0.48
0.020557	100	52	0.48
0.0208036	100	52	0.48
0.0210491	100	52	0.48
0.0212954	100	52	0.48
0.0215386	100	54	0.46
0.021787	100	53	0.47
0.0220311	100	54	0.46
0.0222751	100	54	0.46
0.0225179	100	54	0.46
0.0227634	100	55	0.45
0.0230072	100	54	0.46
0.0234899	100	55	0.45
0.023751	100	55	0.45
0.0239977	100	55	0.45
0.0242416	100	56	0.44
0.0244871	100	56	0.44
0.0247294	100	56	0.44
0.0249758	100	56	0.44
0.0252198	100	56	0.44
0.0254628	100	56	0.44
0.025707	100	57	0.43
0.0259517	100	57	0.43
0.0283141	100	60	0.4
0.0286683	100	59	0.41
0.0289218	100	59	0.41
0.0291719	100	58	0.42
0.0294167	100	59	0.41
0.0296623	100	59	0.41
0.0299056	100	60	0.4
0.0302117	100	60	0.4
0.0304666	100	60	0.4
0.0307118	100	60	0.4
0.0309575	100	60	0.4
0.0312031	100	61	0.39
0.0314473	100	61	0.39
0.0319223	100	64	0.36
0.0321794	100	61	0.39
0.0324278	100	61	0.39
0.0326708	100	61	0.39
0.0329144	100	61	0.39
0.033156	100	61	0.39
0.0334034	100	62	0.38
0.0336458	100	62	0.38
0.0338881	100	62	0.38
0.0341343	100	62	0.38
0.0343797	100	62	0.38
0.0346218	100	62	0.38
0.0348661	100	62	0.38
0.0351128	100	62	0.38
0.0353568	100	62	0.38
0.0356064	100	62	0.38
0.0358536	100	62	0.38
0.036099	100	63	0.37
0.0363458	100	63	0.37
0.0365938	100	63	0.37
0.0368396	100	63	0.37
0.0370851	100	63	0.37
0.0392473	100	62	0.38
0.0396132	100	63	0.37
0.0398675	100	64	0.36
0.0401955	100	64	0.36
0.0404527	100	64	0.36
0.0406983	100	64	0.36
0.0409468	100	64	0.36
0.0411957	100	64	0.36
0.0414434	100	67	0.33
0.0416918	100	64	0.36
0.0419427	100	64	0.36
0.0421892	100	64	0.36
0.0424342	100	65	0.35
0.0426806	100	65	0.35
0.0429276	100	65	0.35
0.0431749	100	65	0.35
0.0434211	100	65	0.35
0.0436671	100	65	0.35
0.0439152	100	65	0.35
0.044163	100	65	0.35
0.0444637	100	65	0.35
0.0447109	100	65	0.35
0.0449579	100	64	0.36
0.0452057	100	65	0.35
0.045451	100	65	0.35
0.045697	100	65	0.35
0.0459441	100	65	0.35
0.0461942	100	65	0.35
0.0464393	100	65	0.35
0.0466844	100	65	0.35
0.04693	100	65	0.35
0.0471782	100	65	0.35
0.0474228	100	67	0.33
0.0476687	100	66	0.34
0.0479141	100	66	0.34
0.0481594	100	66	0.34
0.0484061	100	63	0.37
0.0486505	100	67	0.33
0.0488976	100	66	0.34
0.0491436	100	66	0.34
0.0493917	100	66	0.34
0.0496395	100	65	0.35
0.0498854	100	66	0.34
0.0501626	100	66	0.34
0.0504194	100	66	0.34
0.0506666	100	66	0.34
0.0509124	100	66	0.34
0.0511593	100	66	0.34
0.0514044	100	66	0.34
0.0516519	100	66	0.34
0.0518971	100	66	0.34
0.0521427	100	66	0.34
0.052388	100	66	0.34
0.052635	100	66	0.34
0.0528793	100	66	0.34
0.0531243	100	66	0.34
0.0533703	100	66	0.34
0.053617	100	66	0.34
0.0538646	100	67	0.33
0.0541104	100	66	0.34
0.0543573	100	67	0.33
0.0546036	100	66	0.34
0.0548505	100	67	0.33
0.0550952	100	67	0.33
0.0553419	100	66	0.34
0.0555872	100	67	0.33
0.0558346	100	67	0.33
0.0560801	100	67	0.33
0.0563256	100	67	0.33
0.0565717	100	67	0.33
0.0568197	100	67	0.33
0.057065	100	66	0.34
0.0573104	100	67	0.33
0.0575573	100	67	0.33
0.0578042	100	67	0.33
0.0580521	100	67	0.33
0.0582996	100	67	0.33
0.058547	100	65	0.35
0.0587939	100	66	0.34
0.0590447	100	67	0.33
0.0592904	100	70	0.3
0.0595355	100	66	0.34
0.0597826	100	67	0.33
0.0600319	100	67	0.33
0.0603409	100	67	0.33
0.0605882	100	67	0.33
0.0608345	100	67	0.33
0.0610831	100	66	0.34
0.0613274	100	70	0.3
0.0615729	100	67	0.33
0.0618201	100	67	0.33
0.0620675	100	67	0.33
0.0623138	100	68	0.32
0.0625587	100	67	0.33
0.0628052	100	67	0.33
0.0630489	100	67	0.33
0.0632947	100	67	0.33
0.0635391	100	67	0.33
0.0637846	100	68	0.32
0.0640312	100	67	0.33
0.0642789	100	67	0.33
0.0645241	100	67	0.33
0.0647687	100	67	0.33
0.0650178	100	67	0.33
0.0652643	100	67	0.33
0.0655121	100	67	0.33
0.0657618	100	67	0.33
0.0660096	100	67	0.33
0.0662545	100	67	0.33
0.0665018	100	67	0.33
0.0667485	100	67	0.33
0.0669945	100	67	0.33
0.0672414	100	68	0.32
0.0674892	100	67	0.33
0.0677347	100	67	0.33
0.0679798	100	67	0.33
0.0682273	100	68	0.32
0.0684728	100	68	0.32
0.0687185	100	67	0.33
0.0689631	100	67	0.33
0.0692102	100	67	0.33
0.0694572	100	66	0.34
0.0697037	100	67	0.33
0.0699489	100	67	0.33
0.070254	100	67	0.33
0.0705099	100	67	0.33
0.0707607	100	67	0.33
0.071005	100	67	0.33
0.071251	100	66	0.34
0.0714966	100	69	0.31
0.0717442	100	67	0.33
0.0719911	100	67	0.33
0.0722356	100	66	0.34
0.0724832	100	67	0.33
0.0727301	100	67	0.33
0.072976	100	67	0.33
0.0732211	100	68	0.32
0.0734674	100	67	0.33
0.0737136	100	68	0.32
0.0739631	100	68	0.32
0.0742093	100	67	0.33
0.0744561	100	68	0.32
0.0747032	100	68	0.32
0.0749492	100	67	0.33
0.0751932	100	67	0.33
0.0754404	100	67	0.33
0.0756861	100	68	0.32
0.0759322	100	67	0.33
0.0761788	100	68	0.32
0.0764233	100	67	0.33
0.0766709	100	67	0.33
0.076918	100	68	0.32
0.0771652	100	67	0.33
0.0774104	100	67	0.33
0.0776567	100	68	0.32
0.0779027	100	68	0.32
0.0781492	100	68	0.32
0.0783937	100	68	0.32
0.0786392	100	68	0.32
0.0788851	100	67	0.33
0.0791303	100	68	0.32
0.0793765	100	68	0.32
0.0796213	100	68	0.32
0.0798683	100	69	0.31
0.0801522	100	67	0.33
0.0804088	100	68	0.32
0.0806544	100	68	0.32
0.0809006	100	68	0.32
0.0811458	100	68	0.32
0.0813927	100	68	0.32
0.0816369	100	68	0.32
0.0818826	100	68	0.32
0.0821301	100	67	0.33
0.0823769	100	68	0.32
0.0826221	100	68	0.32
0.0828666	100	68	0.32
0.0831137	100	68	0.32
0.0833591	100	68	0.32
0.0836061	100	68	0.32
0.083852	100	68	0.32
0.0841003	100	68	0.32
0.0843497	100	67	0.33
0.0845963	100	67	0.33
0.0848428	100	68	0.32
0.0850891	100	68	0.32
0.0853367	100	68	0.32
0.0855824	100	68	0.32
0.0858294	100	68	0.32
0.0860757	100	68	0.32
0.0863227	100	68	0.32
0.0865678	100	68	0.32
0.0868147	100	68	0.32
0.0870599	100	66	0.34
0.0873059	100	68	0.32
0.0875531	100	67	0.33
0.0877993	100	68	0.32
0.0880435	100	68	0.32
0.0882895	100	68	0.32
0.0885355	100	67	0.33
0.0887804	100	68	0.32
0.0890271	100	68	0.32
0.0892717	100	67	0.33
0.0895176	100	69	0.31
0.0897622	100	68	0.32
0.0900077	100	67	0.33
0.0902787	100	68	0.32
0.0905335	100	68	0.32
0.0908158	100	68	0.32
0.0910647	100	68	0.32
0.0913108	100	66	0.34
0.0915581	100	68	0.32
0.0918041	100	69	0.31
0.0920512	100	68	0.32
0.0922967	100	68	0.32
0.0925418	100	68	0.32
0.0927885	100	68	0.32
0.0930352	100	68	0.32
0.0932811	100	68	0.32
0.0935273	100	68	0.32
0.0937743	100	68	0.32
0.0940196	100	68	0.32
0.0942659	100	68	0.32
0.0945108	100	68	0.32
0.0947576	100	68	0.32
0.0950037	100	68	0.32
0.0952515	100	68	0.32
0.0954985	100	68	0.32
0.0957453	100	68	0.32
0.0959916	100	68	0.32
0.0962372	100	68	0.32
0.0964827	100	68	0.32
0.0967272	100	68	0.32
0.0969754	100	68	0.32
0.0972249	100	69	0.31
0.0974719	100	68	0.32
0.0977175	100	68	0.32
0.0979634	100	68	0.32
0.0982094	100	68	0.32
0.0984574	100	67	0.33
0.0987044	100	67	0.33
0.0989508	100	68	0.32
0.0991967	100	68	0.32
0.0994426	100	68	0.32
0.09969	100	68	0.32
0.0999341	100	68	0.32
0.100225	100	68	0.32
0.10048	100	68	0.32
0.100798	100	68	0.32
0.101048	100	67	0.33
0.101294	100	68	0.32
0.10154	100	68	0.32
0.101788	100	65	0.35
0.102033	100	65	0.35
0.10228	100	68	0.32
0.102525	100	68	0.32
0.102772	100	68	0.32
0.103018	100	68	0.32
0.103263	100	68	0.32
0.103509	100	68	0.32
0.103756	100	68	0.32
0.104002	100	68	0.32
0.104246	100	68	0.32
0.104491	100	68	0.32
0.104735	100	68	0.32
0.104982	100	68	0.32
0.105122	100	68	0.32
0.105246	100	68	0.32
0.105387	100	68	0.32
0.105512	100	68	0.32
0.105637	100	68	0.32
0.105761	100	68	0.32
0.105886	100	67	0.33
0.106011	100	68	0.32
0.106134	100	68	0.32
0.106259	100	68	0.32
0.106383	100	68	0.32
0.106508	100	68	0.32
0.106633	100	68	0.32
0.106757	100	67	0.33
0.106881	100	68	0.32
0.107008	100	68	0.32
0.107132	100	69	0.31
0.107257	100	68	0.32
0.107381	100	68	0.32
0.107506	100	68	0.32
0.107631	100	68	0.32
0.107756	100	68	0.32
0.10788	100	68	0.32
0.108004	100	67	0.33
0.10813	100	68	0.32
0.108254	100	70	0.3
0.108379	100	68	0.32
0.108503	100	69	0.31
0.108627	100	68	0.32
0.108752	100	67	0.33
0.108876	100	67	0.33
0.109	100	68	0.32
0.109126	100	66	0.34
0.109254	100	68	0.32
0.109379	100	68	0.32
0.109504	100	68	0.32
0.109628	100	68	0.32
0.109753	100	68	0.32
0.109876	100	68	0.32
0.110001	100	67	0.33
0.110153	100	68	0.32
0.110283	100	68	0.32
0.110407	100	69	0.31
0.110532	100	68	0.32
0.110656	100	68	0.32
0.110781	100	68	0.32
0.110906	100	67	0.33
0.11103	100	68	0.32
0.111154	100	68	0.32
0.111279	100	66	0.34
0.111404	100	68	0.32
0.111529	100	68	0.32
0.111653	100	68	0.32
0.111778	100	68	0.32
0.111901	100	68	0.32
0.112026	100	68	0.32
0.112151	100	68	0.32
0.112275	100	68	0.32
0.1124	100	68	0.32
0.112524	100	68	0.32
0.112648	100	68	0.32
0.112773	100	68	0.32
0.112897	100	68	0.32
0.113021	100	68	0.32
0.113146	100	68	0.32
0.113269	100	68	0.32
0.113395	100	68	0.32
0.11352	100	68	0.32
0.113645	100	68	0.32
0.11377	100	68	0.32
0.113894	100	67	0.33
