Time	Goal	In	Out
8.5104e-05	100	1	0.99
0.000389636	100	2	0.98
0.000578647	100	10	0.9
0.000762345	100	18	0.82
0.00094396	100	27	0.73
0.0011249	100	35	0.65
0.00130651	100	44	0.56
0.00148792	100	52	0.48
0.0016687	100	61	0.39
0.0018487	100	70	0.3
0.00203177	100	79	0.21
0.0022125	100	87	0.13
0.00239204	100	96	0.04
0.00257339	100	104	-0.04
0.00281657	100	115	-0.15
0.00301573	100	125	-0.25
0.00321683	100	134	-0.34
0.00341365	100	143	-0.43
0.00361438	100	151	-0.51
0.00381183	100	162	-0.62
0.0040085	100	170	-0.7
0.00420579	100	178	-0.78
0.00440079	100	184	-0.84
0.00459668	100	195	-0.95
0.00479168	100	204	-1.04
0.00498574	100	213	-1.13
0.00518178	100	221	-1.21
0.00537761	100	230	-1.3
0.00557345	100	237	-1.37
0.00576767	100	245	-1.45
0.00596209	100	255	-1.55
0.00615803	100	262	-1.62
0.00644288	100	275	-1.75
0.00664012	100	284	-1.84
0.00683548	100	292	-1.92
0.00703111	100	300	-2
0.00722751	100	308	-2.08
0.00742392	100	313	-2.13
0.00761877	100	324	-2.24
0.00781335	100	328	-2.28
0.00800799	100	336	-2.36
0.00820335	100	344	-2.44
0.0083996	100	346	-2.46
0.00859455	100	359	-2.59
0.00879043	100	366	-2.66
0.00898465	100	374	-2.74
0.00917882	100	379	-2.79
0.00937372	100	388	-2.88
0.00956945	100	395	-2.95
0.00976429	100	402	-3.02
0.00995919	100	409	-3.09
0.0101537	100	417	-3.17
0.0103478	100	423	-3.23
0.0105427	100	430	-3.3
0.0107375	100	438	-3.38
0.0109313	100	444	-3.44
0.0111256	100	451	-3.51
0.0113194	100	458	-3.58
0.011515	100	465	-3.65
0.0117101	100	472	-3.72
0.011903	100	478	-3.78
0.0120962	100	485	-3.85
0.0122892	100	491	-3.91
0.0124826	100	498	-3.98
0.0126777	100	504	-4.04
0.0128722	100	511	-4.11
0.0130665	100	518	-4.18
0.0132611	100	524	-4.24
0.0134545	100	531	-4.31
0.0136493	100	537	-4.37
0.0138444	100	543	-4.43
0.0140381	100	549	-4.49
0.0142335	100	556	-4.56
0.0144269	100	561	-4.61
0.0146213	100	567	-4.67
0.0148182	100	574	-4.74
0.015012	100	579	-4.79
0.0152058	100	586	-4.86
0.0153979	100	593	-4.93
0.0155909	100	598	-4.98
0.0157849	100	604	-5.04
0.0159799	100	610	-5.1
0.0162002	100	616	-5.16
0.0164042	100	623	-5.23
0.0165975	100	629	-5.29
0.0167901	100	635	-5.35
0.0169862	100	640	-5.4
0.0171802	100	646	-5.46
0.0173738	100	652	-5.52
0.0175683	100	657	-5.57
0.0177616	100	662	-5.62
0.017956	100	668	-5.68
0.0181509	100	674	-5.74
0.0183433	100	679	-5.79
0.0185369	100	688	-5.88
0.0187304	100	691	-5.91
0.0189239	100	698	-5.98
0.0191186	100	701	-6.01
0.0193124	100	707	-6.07
0.0195062	100	712	-6.12
0.0197	100	717	-6.17
0.0198945	100	722	-6.22
0.0200887	100	728	-6.28
0.0202836	100	733	-6.33
0.0204773	100	738	-6.38
0.0206719	100	743	-6.43
0.0208662	100	748	-6.48
0.0210595	100	754	-6.54
0.0212548	100	759	-6.59
0.0214485	100	764	-6.64
0.0216417	100	768	-6.68
0.0218344	100	774	-6.74
0.0220274	100	778	-6.78
0.0222217	100	784	-6.84
0.0224169	100	788	-6.88
0.022611	100	793	-6.93
0.0228047	100	798	-6.98
0.0229985	100	803	-7.03
0.0231925	100	808	-7.08
0.0233884	100	812	-7.12
0.0235841	100	819	-7.19
0.0237787	100	823	-7.23
0.0239737	100	828	-7.28
0.0241667	100	832	-7.32
0.0243621	100	838	-7.38
0.0245565	100	842	-7.42
0.0247505	100	847	-7.47
0.0249453	100	850	-7.5
0.0251387	100	856	-7.56
0.0253316	100	860	-7.6
0.025528	100	862	-7.62
0.0257229	100	867	-7.67
0.025917	100	872	-7.72
0.0261114	100	876	-7.76
0.0264123	100	883	-7.83
0.026624	100	888	-7.88
0.026821	100	892	-7.92
0.0270167	100	897	-7.97
0.0272109	100	901	-8.01
0.0274056	100	904	-8.04
0.0276015	100	909	-8.09
0.0277972	100	913	-8.13
0.0279908	100	916	-8.16
0.0281859	100	921	-8.21
0.0283807	100	924	-8.24
0.02858	100	928	-8.28
0.0287756	100	933	-8.33
0.0289737	100	936	-8.36
0.029172	100	940	-8.4
0.0293646	100	944	-8.44
0.0295569	100	948	-8.48
0.0297543	100	951	-8.51
0.0299562	100	955	-8.55
0.0301545	100	959	-8.59
0.0303543	100	962	-8.62
0.0305524	100	965	-8.65
0.0307504	100	969	-8.69
0.0309516	100	973	-8.73
0.0311514	100	976	-8.76
0.0313477	100	979	-8.79
0.0315435	100	982	-8.82
0.0317395	100	985	-8.85
0.0319355	100	988	-8.88
0.0321313	100	991	-8.91
0.0323254	100	995	-8.95
0.0325189	100	997	-8.97
0.032713	100	1000	-9
0.0329084	100	1002	-9.02
0.0331051	100	1006	-9.06
0.0332994	100	1008	-9.08
0.0334955	100	1011	-9.11
0.0337475	100	1014	-9.14
0.0339456	100	1016	-9.16
0.0341423	100	1019	-9.19
0.0343376	100	1022	-9.22
0.0345337	100	1023	-9.23
0.0347299	100	1023	-9.23
0.034925	100	1023	-9.23
0.0351201	100	1023	-9.23
0.0353151	100	1023	-9.23
0.0355086	100	1023	-9.23
0.0357038	100	1023	-9.23
0.035898	100	1023	-9.23
0.0360918	100	1023	-9.23
0.0363366	100	1023	-9.23
0.0365428	100	1023	-9.23
0.0367384	100	1023	-9.23
0.0369334	100	1023	-9.23
0.0371275	100	1023	-9.23
0.0373236	100	1023	-9.23
0.037519	100	1023	-9.23
0.0377136	100	1023	-9.23
0.0379081	100	1023	-9.23
0.0381021	100	1023	-9.23
0.038297	100	1023	-9.23
0.0384935	100	1023	-9.23
0.0386886	100	1023	-9.23
0.0388842	100	1023	-9.23
0.0390792	100	1023	-9.23
0.0392739	100	1023	-9.23
0.0394702	100	1023	-9.23
0.0396656	100	1023	-9.23
0.0398598	100	1023	-9.23
0.0400545	100	1023	-9.23
0.0402479	100	1023	-9.23
0.0404423	100	1023	-9.23
0.0406376	100	1023	-9.23
0.040832	100	1023	-9.23
0.0410269	100	1023	-9.23
0.0412211	100	1023	-9.23
0.0414159	100	1023	-9.23
0.0416112	100	1023	-9.23
0.0418056	100	1023	-9.23
0.0420013	100	1023	-9.23
0.0421965	100	1023	-9.23
0.0423899	100	1023	-9.23
0.0425834	100	1023	-9.23
0.0427788	100	1023	-9.23
0.0429729	100	1023	-9.23
0.0431681	100	1023	-9.23
0.0433615	100	1023	-9.23
0.0435549	100	1023	-9.23
0.0437502	100	1023	-9.23
0.0439456	100	1023	-9.23
0.0441403	100	1023	-9.23
0.0443344	100	1023	-9.23
0.0445287	100	1023	-9.23
0.0447232	100	1023	-9.23
0.044918	100	1023	-9.23
0.0451122	100	1023	-9.23
0.0453075	100	1023	-9.23
0.0455023	100	1023	-9.23
0.0456965	100	1023	-9.23
0.045892	100	1023	-9.23
0.0460875	100	1023	-9.23
0.0463065	100	1023	-9.23
0.046511	100	1023	-9.23
0.0467054	100	1023	-9.23
0.0469009	100	1023	-9.23
0.0470973	100	1023	-9.23
0.0472916	100	1023	-9.23
0.0474883	100	1023	-9.23
0.0476826	100	1023	-9.23
0.0478771	100	1023	-9.23
0.0480728	100	1023	-9.23
0.0482666	100	1023	-9.23
0.0484606	100	1023	-9.23
0.0486552	100	1023	-9.23
0.0488493	100	1023	-9.23
0.0490442	100	1023	-9.23
0.0492387	100	1023	-9.23
0.0494332	100	1023	-9.23
0.0496274	100	1023	-9.23
0.0498218	100	1023	-9.23
0.0500163	100	1023	-9.23
0.050211	100	1023	-9.23
0.0504049	100	1023	-9.23
0.0506	100	1023	-9.23
0.050795	100	1023	-9.23
0.0509892	100	1023	-9.23
0.0511847	100	1023	-9.23
0.0513799	100	1023	-9.23
0.0515742	100	1023	-9.23
0.0517691	100	1023	-9.23
0.0519631	100	1023	-9.23
0.0521585	100	1023	-9.23
0.0523536	100	1023	-9.23
0.0525491	100	1023	-9.23
0.0527437	100	1023	-9.23
0.0529391	100	1023	-9.23
0.0531331	100	1023	-9.23
0.0533284	100	1023	-9.23
0.0535242	100	1023	-9.23
0.0537177	100	1023	-9.23
0.053913	100	1023	-9.23
0.0541083	100	1023	-9.23
0.0543042	100	1023	-9.23
0.0544998	100	1023	-9.23
0.0546949	100	1023	-9.23
0.0548897	100	1023	-9.23
0.0550843	100	1023	-9.23
0.0552776	100	1023	-9.23
0.0554721	100	1023	-9.23
0.0556682	100	1023	-9.23
0.0558622	100	1023	-9.23
0.0560566	100	1023	-9.23
0.0562843	100	1023	-9.23
0.0564892	100	1023	-9.23
0.0566861	100	1023	-9.23
0.0568807	100	1023	-9.23
0.0570756	100	1023	-9.23
0.0572693	100	1023	-9.23
0.0574634	100	1023	-9.23
0.057659	100	1023	-9.23
0.057854	100	1023	-9.23
0.058048	100	1023	-9.23
0.0582419	100	1023	-9.23
0.0584348	100	1023	-9.23
0.0586291	100	1023	-9.23
0.0588252	100	1023	-9.23
0.0590197	100	1023	-9.23
0.0592153	100	1023	-9.23
0.0594099	100	1023	-9.23
0.0596036	100	1023	-9.23
0.059799	100	1023	-9.23
0.0599944	100	1023	-9.23
0.0601892	100	1023	-9.23
0.0603842	100	1023	-9.23
0.0605792	100	1023	-9.23
0.060774	100	1023	-9.23
0.0609691	100	1023	-9.23
0.0611635	100	1023	-9.23
0.061359	100	1023	-9.23
0.0615539	100	1023	-9.23
0.0617481	100	1023	-9.23
0.0619441	100	1023	-9.23
0.0621389	100	1023	-9.23
0.0623342	100	1023	-9.23
0.0625279	100	1023	-9.23
0.0627219	100	1023	-9.23
0.0629168	100	1023	-9.23
0.0631125	100	1023	-9.23
0.0633071	100	1023	-9.23
0.0635034	100	1023	-9.23
0.0636984	100	1023	-9.23
0.0638932	100	1023	-9.23
0.06409	100	1023	-9.23
0.0642856	100	1023	-9.23
0.0644806	100	1023	-9.23
0.0646756	100	1023	-9.23
0.0648705	100	1023	-9.23
0.0650658	100	1023	-9.23
0.0652618	100	1023	-9.23
0.0654563	100	1023	-9.23
0.0656515	100	1023	-9.23
0.0658462	100	1023	-9.23
0.0660734	100	1023	-9.23
0.0663002	100	1023	-9.23
0.0665034	100	1023	-9.23
0.0666992	100	1023	-9.23
0.0668936	100	1023	-9.23
0.067088	100	1023	-9.23
0.0672836	100	1023	-9.23
0.0674779	100	1023	-9.23
0.0676728	100	1023	-9.23
0.0678667	100	1023	-9.23
0.0680608	100	1023	-9.23
0.0682563	100	1023	-9.23
0.0684517	100	1023	-9.23
0.0686458	100	1023	-9.23
0.0688401	100	1023	-9.23
0.0690348	100	1023	-9.23
0.0692289	100	1023	-9.23
0.0694257	100	1023	-9.23
0.069622	100	1023	-9.23
0.0698173	100	1023	-9.23
0.0700117	100	1023	-9.23
0.0702071	100	1023	-9.23
0.0704024	100	1023	-9.23
0.0705988	100	1023	-9.23
0.0707935	100	1023	-9.23
0.0709885	100	1023	-9.23
0.0711835	100	1023	-9.23
0.0713785	100	1023	-9.23
0.0715742	100	1023	-9.23
0.071769	100	1023	-9.23
0.0719637	100	1023	-9.23
0.0721584	100	1023	-9.23
0.0723518	100	1023	-9.23
0.0725465	100	1023	-9.23
0.0727425	100	1023	-9.23
0.0729361	100	1023	-9.23
0.0731307	100	1023	-9.23
0.073325	100	1023	-9.23
0.0735196	100	1023	-9.23
0.0737155	100	1023	-9.23
0.0739097	100	1023	-9.23
0.0741038	100	1023	-9.23
0.0742989	100	1023	-9.23
0.0744938	100	1023	-9.23
0.074688	100	1023	-9.23
0.0748835	100	1023	-9.23
0.0750766	100	1023	-9.23
0.0752713	100	1023	-9.23
0.0754645	100	1023	-9.23
0.0756584	100	1023	-9.23
0.0758535	100	1023	-9.23
0.0760475	100	1023	-9.23
0.0762741	100	1023	-9.23
0.0764784	100	1023	-9.23
0.0766731	100	1023	-9.23
0.0768688	100	1023	-9.23
0.0770642	100	1023	-9.23
0.0772583	100	1023	-9.23
0.0774538	100	1023	-9.23
0.0776483	100	1023	-9.23
0.0778434	100	1023	-9.23
0.078039	100	1023	-9.23
0.078234	100	1023	-9.23
0.0784291	100	1023	-9.23
0.078624	100	1023	-9.23
0.0788178	100	1023	-9.23
0.0790135	100	1023	-9.23
0.0792102	100	1023	-9.23
0.0794042	100	1023	-9.23
0.0795998	100	1023	-9.23
0.0797935	100	1023	-9.23
0.0799883	100	1023	-9.23
0.0801832	100	1023	-9.23
0.0803792	100	1023	-9.23
0.0805767	100	1023	-9.23
0.0807711	100	1023	-9.23
0.080965	100	1023	-9.23
0.0811602	100	1023	-9.23
0.0813564	100	1023	-9.23
0.0815518	100	1023	-9.23
0.0817463	100	1023	-9.23
0.0819405	100	1023	-9.23
0.0821356	100	1023	-9.23
0.0823308	100	1023	-9.23
0.082525	100	1023	-9.23
0.0827197	100	1023	-9.23
0.0829138	100	1023	-9.23
0.0831087	100	1023	-9.23
0.0833034	100	1023	-9.23
0.0835005	100	1023	-9.23
0.0836994	100	1023	-9.23
0.0839025	100	1023	-9.23
0.0841007	100	1023	-9.23
0.0843037	100	1023	-9.23
0.0845049	100	1023	-9.23
0.0847017	100	1023	-9.23
0.0848978	100	1023	-9.23
0.0850942	100	1023	-9.23
0.0852894	100	1023	-9.23
0.0854862	100	1023	-9.23
0.0856811	100	1023	-9.23
0.0858758	100	1023	-9.23
0.0860709	100	1023	-9.23
0.08631	100	1023	-9.23
0.0865154	100	1023	-9.23
0.0867131	100	1023	-9.23
0.0869077	100	1023	-9.23
0.0871051	100	1023	-9.23
0.087299	100	1023	-9.23
0.0874955	100	1023	-9.23
0.0876933	100	1023	-9.23
0.0878879	100	1023	-9.23
0.0880851	100	1023	-9.23
0.0882795	100	1023	-9.23
0.0884778	100	1023	-9.23
0.0886759	100	1023	-9.23
0.0888714	100	1023	-9.23
0.0890666	100	1023	-9.23
0.0892653	100	1023	-9.23
0.0894594	100	1023	-9.23
0.0896554	100	1023	-9.23
0.0898525	100	1023	-9.23
0.0900464	100	1023	-9.23
0.0902418	100	1023	-9.23
0.090436	100	1023	-9.23
0.0906301	100	1023	-9.23
0.0908257	100	1023	-9.23
0.091021	100	1023	-9.23
0.0912159	100	1023	-9.23
0.0914089	100	1023	-9.23
0.0916038	100	1023	-9.23
0.0917995	100	1023	-9.23
0.0919987	100	1023	-9.23
0.0922012	100	1023	-9.23
0.0924057	100	1023	-9.23
0.0926031	100	1023	-9.23
0.0928001	100	1023	-9.23
0.0929995	100	1023	-9.23
0.0932021	100	1023	-9.23
0.0934126	100	1023	-9.23
0.0936109	100	1023	-9.23
0.0938122	100	1023	-9.23
0.0940178	100	1023	-9.23
0.0942205	100	1023	-9.23
0.0944203	100	1023	-9.23
0.094619	100	1023	-9.23
0.0948155	100	1023	-9.23
0.0950121	100	1023	-9.23
0.0952125	100	1023	-9.23
0.0954147	100	1023	-9.23
0.0956131	100	1023	-9.23
0.0958099	100	1023	-9.23
0.0960061	100	1023	-9.23
0.0962503	100	1023	-9.23
0.0964583	100	1023	-9.23
0.0966563	100	1023	-9.23
0.0968521	100	1023	-9.23
0.0970505	100	1023	-9.23
0.0972506	100	1023	-9.23
0.0974451	100	1023	-9.23
0.0976443	100	1023	-9.23
0.0978408	100	1023	-9.23
0.0980367	100	1023	-9.23
0.0982367	100	1023	-9.23
