Time	Goal	In	Out
8.875e-05	100	1	0.99
0.000465365	100	1	0.99
0.000659012	100	2	0.98
0.000846876	100	3	0.97
0.00103797	100	3	0.97
0.00122485	100	4	0.96
0.00141167	100	5	0.95
0.00159797	100	6	0.94
0.00178355	100	6	0.94
0.00196881	100	7	0.93
0.00215625	100	8	0.92
0.00234131	100	8	0.92
0.00252678	100	9	0.91
0.00271152	100	10	0.9
0.00289641	100	10	0.9
0.00308235	100	11	0.89
0.0032687	100	12	0.88
0.00345464	100	12	0.88
0.00364032	100	13	0.87
0.00382449	100	15	0.85
0.00400907	100	15	0.85
0.00419647	100	15	0.85
0.00438204	100	16	0.84
0.00456756	100	17	0.83
0.00475241	100	18	0.82
0.0049374	100	18	0.82
0.00512277	100	18	0.82
0.00530923	100	19	0.81
0.00549433	100	20	0.8
0.00567829	100	21	0.79
0.00586288	100	21	0.79
0.00604704	100	21	0.79
0.00623142	100	22	0.78
0.00641741	100	23	0.77
0.0066021	100	24	0.76
0.00678678	100	24	0.76
0.00697059	100	25	0.75
0.00715486	100	25	0.75
0.00734007	100	25	0.75
0.00752574	100	26	0.74
0.00771158	100	27	0.73
0.0078971	100	27	0.73
0.00815163	100	30	0.7
0.00834814	100	28	0.72
0.00853559	100	29	0.71
0.00872028	100	30	0.7
0.00890512	100	31	0.69
0.00908929	100	31	0.69
0.00927413	100	31	0.69
0.00945846	100	32	0.68
0.00964502	100	32	0.68
0.00983127	100	32	0.68
0.0100164	100	33	0.67
0.0102014	100	33	0.67
0.0103847	100	34	0.66
0.0105692	100	34	0.66
0.0107561	100	35	0.65
0.0109403	100	35	0.65
0.0111253	100	35	0.65
0.0113106	100	36	0.64
0.0114939	100	36	0.64
0.011679	100	37	0.63
0.0118637	100	37	0.63
0.0120474	100	38	0.62
0.0122323	100	38	0.62
0.0124162	100	38	0.62
0.0126008	100	39	0.61
0.0127867	100	39	0.61
0.0129718	100	39	0.61
0.0131556	100	40	0.6
0.0133396	100	40	0.6
0.0135234	100	41	0.59
0.0137083	100	41	0.59
0.0138939	100	41	0.59
0.0140789	100	43	0.57
0.0142638	100	42	0.58
0.0144477	100	42	0.58
0.0146315	100	43	0.57
0.0148151	100	43	0.57
0.0150007	100	43	0.57
0.0151855	100	44	0.56
0.0153704	100	44	0.56
0.0155539	100	45	0.55
0.0157375	100	45	0.55
0.0159212	100	45	0.55
0.0161066	100	44	0.56
0.0162909	100	46	0.54
0.0164754	100	46	0.54
0.016659	100	46	0.54
0.0168425	100	46	0.54
0.017028	100	47	0.53
0.0172131	100	47	0.53
0.017397	100	47	0.53
0.017582	100	48	0.52
0.0177648	100	48	0.52
0.0179493	100	48	0.52
0.0181545	100	49	0.51
0.0183469	100	49	0.51
0.018531	100	48	0.52
0.0187151	100	50	0.5
0.0188997	100	50	0.5
0.0190851	100	50	0.5
0.0192719	100	48	0.52
0.0194566	100	50	0.5
0.0196412	100	50	0.5
0.0198256	100	50	0.5
0.0200096	100	50	0.5
0.0201947	100	51	0.49
0.0203805	100	51	0.49
0.0205642	100	51	0.49
0.0207487	100	52	0.48
0.0209329	100	52	0.48
0.0211186	100	53	0.47
0.0213051	100	52	0.48
0.0214928	100	52	0.48
0.0216788	100	53	0.47
0.0218636	100	53	0.47
0.0220512	100	53	0.47
0.0222364	100	53	0.47
0.0224232	100	53	0.47
0.0226067	100	54	0.46
0.0227908	100	54	0.46
0.0229751	100	54	0.46
0.0231596	100	54	0.46
0.0233444	100	54	0.46
0.0235313	100	55	0.45
0.0237151	100	55	0.45
0.0238998	100	55	0.45
0.0240837	100	56	0.44
0.0242675	100	55	0.45
0.0244512	100	55	0.45
0.0246375	100	56	0.44
0.024824	100	56	0.44
0.0250091	100	56	0.44
0.025195	100	56	0.44
0.0253783	100	55	0.45
0.025562	100	57	0.43
0.0257474	100	55	0.45
0.0259318	100	56	0.44
0.0261166	100	56	0.44
0.0263006	100	57	0.43
0.0264843	100	57	0.43
0.0266702	100	57	0.43
0.026855	100	58	0.42
0.0270394	100	58	0.42
0.0272244	100	58	0.42
0.0274085	100	58	0.42
0.0275945	100	58	0.42
0.0277798	100	59	0.41
0.0279644	100	59	0.41
0.028173	100	58	0.42
0.028368	100	59	0.41
0.0285547	100	61	0.39
0.0287404	100	58	0.42
0.0289271	100	62	0.38
0.0291128	100	57	0.43
0.0292979	100	59	0.41
0.0294816	100	59	0.41
0.029666	100	59	0.41
0.0298512	100	59	0.41
0.0300362	100	59	0.41
0.03022	100	60	0.4
0.0304047	100	60	0.4
0.0305872	100	60	0.4
0.0307712	100	60	0.4
0.0309577	100	60	0.4
0.0311426	100	60	0.4
0.0313274	100	60	0.4
0.0315117	100	60	0.4
0.0316944	100	60	0.4
0.0318776	100	60	0.4
0.0320636	100	61	0.39
0.0322464	100	61	0.39
0.0324301	100	61	0.39
0.0326147	100	61	0.39
0.0327984	100	61	0.39
0.0329856	100	61	0.39
0.0331738	100	61	0.39
0.0333617	100	61	0.39
0.0335491	100	61	0.39
0.0337332	100	62	0.38
0.0339167	100	60	0.4
0.0341038	100	60	0.4
0.0342948	100	62	0.38
0.0344852	100	61	0.39
0.0346727	100	63	0.37
0.0349299	100	62	0.38
0.0351216	100	61	0.39
0.0353098	100	62	0.38
0.0354954	100	62	0.38
0.035681	100	63	0.37
0.0358654	100	62	0.38
0.0360497	100	63	0.37
0.0362337	100	63	0.37
0.0364202	100	63	0.37
0.036605	100	61	0.39
0.0367891	100	63	0.37
0.0369726	100	64	0.36
0.0371566	100	63	0.37
0.0373407	100	63	0.37
0.0375272	100	63	0.37
0.0377122	100	63	0.37
0.0378974	100	62	0.38
0.0381242	100	64	0.36
0.0383201	100	65	0.35
0.038507	100	64	0.36
0.0386922	100	64	0.36
0.0388765	100	64	0.36
0.0390605	100	64	0.36
0.0392443	100	64	0.36
0.0394292	100	64	0.36
0.0396151	100	64	0.36
0.0398004	100	64	0.36
0.0399857	100	64	0.36
0.0401687	100	64	0.36
0.0403526	100	64	0.36
0.0405377	100	64	0.36
0.040726	100	64	0.36
0.0409114	100	64	0.36
0.0410958	100	64	0.36
0.0412796	100	64	0.36
0.041464	100	64	0.36
0.0416488	100	64	0.36
0.0418339	100	64	0.36
0.0420164	100	64	0.36
0.0422004	100	64	0.36
0.0423841	100	64	0.36
0.0425678	100	64	0.36
0.0427537	100	64	0.36
0.0429372	100	65	0.35
0.0431218	100	65	0.35
0.0433063	100	65	0.35
0.0434895	100	65	0.35
0.0436733	100	64	0.36
0.0438582	100	65	0.35
0.0440425	100	65	0.35
0.0442261	100	65	0.35
0.0444091	100	64	0.36
0.0445922	100	66	0.34
0.0447752	100	65	0.35
0.0449612	100	65	0.35
0.0451451	100	65	0.35
0.0453298	100	67	0.33
0.045514	100	65	0.35
0.0456979	100	65	0.35
0.0458816	100	65	0.35
0.0460668	100	66	0.34
0.0462514	100	66	0.34
0.046438	100	65	0.35
0.0466226	100	65	0.35
0.04681	100	66	0.34
0.046995	100	66	0.34
0.0471849	100	65	0.35
0.0473699	100	65	0.35
0.0475563	100	65	0.35
0.0477427	100	66	0.34
0.0479285	100	65	0.35
0.0481692	100	65	0.35
0.0483667	100	67	0.33
0.0485522	100	65	0.35
0.0487411	100	66	0.34
0.0489305	100	66	0.34
0.0491153	100	66	0.34
0.049302	100	66	0.34
0.0494869	100	66	0.34
0.0496719	100	66	0.34
0.0498562	100	66	0.34
0.0500393	100	66	0.34
0.0502266	100	66	0.34
0.05041	100	66	0.34
0.0505931	100	66	0.34
0.0507774	100	66	0.34
0.0509613	100	66	0.34
0.0511457	100	66	0.34
0.0513313	100	66	0.34
0.0515158	100	66	0.34
0.0517017	100	66	0.34
0.0518866	100	66	0.34
0.0520731	100	66	0.34
0.0522585	100	66	0.34
0.0524453	100	66	0.34
0.0526291	100	66	0.34
0.0528127	100	66	0.34
0.0529968	100	66	0.34
0.0531803	100	66	0.34
0.0533647	100	66	0.34
0.0535507	100	66	0.34
0.0537354	100	66	0.34
0.0539201	100	67	0.33
0.0541042	100	62	0.38
0.0542885	100	67	0.33
0.0544735	100	66	0.34
0.0546587	100	67	0.33
0.0548428	100	67	0.33
0.0550271	100	67	0.33
0.0552114	100	67	0.33
0.0553946	100	66	0.34
0.0555796	100	67	0.33
0.0557642	100	66	0.34
0.0559483	100	66	0.34
0.0561331	100	66	0.34
0.0563171	100	67	0.33
0.0565014	100	67	0.33
0.056687	100	67	0.33
0.0568719	100	67	0.33
0.057057	100	66	0.34
0.0572421	100	67	0.33
0.0574265	100	67	0.33
0.0576103	100	67	0.33
0.0577962	100	67	0.33
0.0579809	100	67	0.33
0.0582036	100	67	0.33
0.0583975	100	67	0.33
0.0585815	100	67	0.33
0.0587662	100	66	0.34
0.0589516	100	66	0.34
0.0591368	100	67	0.33
0.0593214	100	67	0.33
0.0595061	100	67	0.33
0.0596904	100	67	0.33
0.0598757	100	67	0.33
0.0600607	100	67	0.33
0.0602447	100	67	0.33
0.060429	100	67	0.33
0.0606126	100	67	0.33
0.0607958	100	67	0.33
0.0609819	100	67	0.33
0.061166	100	67	0.33
0.0613503	100	67	0.33
0.0615335	100	67	0.33
0.0617169	100	67	0.33
0.0619011	100	67	0.33
0.0620865	100	67	0.33
0.0622705	100	67	0.33
0.0624552	100	67	0.33
0.0626382	100	67	0.33
0.0628215	100	67	0.33
0.0630047	100	67	0.33
0.0631898	100	67	0.33
0.0633737	100	67	0.33
0.0635575	100	67	0.33
0.0637408	100	67	0.33
0.0639252	100	67	0.33
0.0641102	100	67	0.33
0.0642952	100	66	0.34
0.0644796	100	67	0.33
0.0646642	100	67	0.33
0.0648478	100	67	0.33
0.0650317	100	67	0.33
0.0652176	100	68	0.32
0.0654014	100	67	0.33
0.0655855	100	67	0.33
0.065769	100	67	0.33
0.0659519	100	66	0.34
0.0661348	100	67	0.33
0.0663203	100	67	0.33
0.0665051	100	67	0.33
0.0666894	100	67	0.33
0.066874	100	67	0.33
0.0670571	100	67	0.33
0.0672414	100	67	0.33
0.0674276	100	67	0.33
0.0676119	100	67	0.33
0.0677959	100	67	0.33
0.067979	100	67	0.33
0.0681845	100	67	0.33
0.0683756	100	67	0.33
0.0685622	100	70	0.3
0.0687473	100	67	0.33
0.0689315	100	67	0.33
0.0691154	100	67	0.33
0.0692994	100	68	0.32
0.0694829	100	67	0.33
0.0697197	100	67	0.33
0.069904	100	67	0.33
0.0700886	100	67	0.33
0.0702721	100	67	0.33
0.0704565	100	67	0.33
0.0706423	100	67	0.33
0.0708268	100	68	0.32
0.0710111	100	68	0.32
0.0711944	100	67	0.33
0.0713776	100	67	0.33
0.0715622	100	67	0.33
0.0717475	100	67	0.33
0.0719311	100	67	0.33
0.0721147	100	68	0.32
0.0722976	100	68	0.32
0.0724808	100	68	0.32
0.0726638	100	67	0.33
0.0728491	100	67	0.33
0.0730343	100	67	0.33
0.0732186	100	68	0.32
0.0734026	100	68	0.32
0.0735859	100	67	0.33
0.0737707	100	68	0.32
0.0739558	100	67	0.33
0.0741404	100	67	0.33
0.0743243	100	68	0.32
0.0745083	100	68	0.32
0.0746926	100	68	0.32
0.0748776	100	65	0.35
0.075062	100	67	0.33
0.0752467	100	68	0.32
0.0754313	100	68	0.32
0.0756151	100	67	0.33
0.0757994	100	67	0.33
0.0759846	100	67	0.33
0.0761692	100	68	0.32
0.0763537	100	68	0.32
0.076538	100	68	0.32
0.0767209	100	68	0.32
0.0769054	100	68	0.32
0.077091	100	68	0.32
0.0772747	100	67	0.33
0.077459	100	68	0.32
0.077642	100	68	0.32
0.0778253	100	68	0.32
0.0780087	100	68	0.32
0.0782287	100	68	0.32
0.0784147	100	68	0.32
0.0786	100	68	0.32
0.0787841	100	69	0.31
0.0789686	100	69	0.31
0.0791549	100	68	0.32
0.0793404	100	68	0.32
0.0795245	100	67	0.33
0.0797087	100	68	0.32
0.0798926	100	68	0.32
0.0800769	100	68	0.32
0.0802628	100	68	0.32
0.0804476	100	68	0.32
0.0806323	100	67	0.33
0.0808163	100	68	0.32
0.0809999	100	68	0.32
0.0811847	100	68	0.32
0.0813707	100	68	0.32
0.081554	100	68	0.32
0.0817386	100	68	0.32
0.0819226	100	68	0.32
0.0821061	100	68	0.32
0.0822906	100	68	0.32
0.082476	100	68	0.32
0.0826608	100	68	0.32
0.0828457	100	68	0.32
0.0830299	100	68	0.32
0.0832138	100	68	0.32
0.0833987	100	68	0.32
0.0835842	100	68	0.32
0.0837681	100	68	0.32
0.0839531	100	67	0.33
0.0841367	100	68	0.32
0.0843206	100	67	0.33
0.0845064	100	68	0.32
0.0846909	100	68	0.32
0.0848754	100	67	0.33
0.0850608	100	69	0.31
0.0852451	100	68	0.32
0.085429	100	68	0.32
0.0856154	100	68	0.32
0.0857999	100	67	0.33
0.085984	100	68	0.32
0.086168	100	67	0.33
0.0863521	100	68	0.32
0.0865375	100	68	0.32
0.0867231	100	67	0.33
0.0869082	100	68	0.32
0.0870934	100	68	0.32
0.0872765	100	67	0.33
0.0874616	100	67	0.33
0.087646	100	68	0.32
0.0878316	100	68	0.32
0.0880331	100	68	0.32
0.0882311	100	68	0.32
0.0884156	100	68	0.32
0.0886007	100	68	0.32
0.088787	100	69	0.31
0.0889723	100	68	0.32
0.0891567	100	68	0.32
0.089343	100	68	0.32
0.0895267	100	68	0.32
0.0897116	100	68	0.32
0.0898967	100	68	0.32
0.0900815	100	68	0.32
0.0902659	100	68	0.32
0.0904497	100	68	0.32
0.0906337	100	68	0.32
0.0908182	100	68	0.32
0.091005	100	68	0.32
0.0911893	100	68	0.32
0.0913737	100	68	0.32
0.0915579	100	68	0.32
0.0917416	100	68	0.32
0.0919267	100	68	0.32
0.0921123	100	68	0.32
0.092297	100	68	0.32
0.0924809	100	68	0.32
0.0925838	100	67	0.33
0.0926779	100	68	0.32
0.0927726	100	68	0.32
