Time	Goal	In	Out
6.3021e-05	500	3	2.485
0.000456512	500	3	2.485
0.00060443	500	4	2.48
0.00073792	500	6	2.47
0.000870525	500	7	2.465
0.00100245	500	8	2.46
0.00113474	500	9	2.455
0.0012674	500	11	2.445
0.00139928	500	12	2.44
0.00153021	500	13	2.435
0.00166277	500	15	2.425
0.00179459	500	18	2.41
0.00192595	500	18	2.41
0.00205761	500	19	2.405
0.00218845	500	21	2.395
0.00231965	500	22	2.39
0.00245105	500	22	2.39
0.00258194	500	25	2.375
0.00271423	500	26	2.37
0.00284512	500	27	2.365
0.0029759	500	29	2.355
0.00310668	500	31	2.345
0.00323778	500	32	2.34
0.00336913	500	35	2.325
0.0034997	500	35	2.325
0.00363012	500	36	2.32
0.00382674	500	37	2.315
0.00396314	500	40	2.3
0.00409476	500	40	2.3
0.00422616	500	42	2.29
0.00435611	500	43	2.285
0.00448679	500	44	2.28
0.00461669	500	47	2.265
0.00474726	500	47	2.265
0.00487809	500	48	2.26
0.00500971	500	49	2.255
0.00514117	500	51	2.245
0.00527216	500	52	2.24
0.00540289	500	53	2.235
0.00553414	500	55	2.225
0.0056644	500	56	2.22
0.00579576	500	57	2.215
0.00592784	500	58	2.21
0.00605815	500	59	2.205
0.00618867	500	59	2.205
0.0063192	500	62	2.19
0.00645034	500	63	2.185
0.0065805	500	64	2.18
0.00671128	500	65	2.175
0.00684175	500	67	2.165
0.00697248	500	70	2.15
0.0071029	500	69	2.155
0.00723316	500	70	2.15
0.00736269	500	71	2.145
0.00749342	500	72	2.14
0.00762326	500	73	2.135
0.00775379	500	75	2.125
0.0078842	500	76	2.12
0.00803134	500	77	2.115
0.00817847	500	78	2.11
0.00831009	500	79	2.105
0.00844223	500	80	2.1
0.00857327	500	81	2.095
0.00870353	500	83	2.085
0.00883436	500	84	2.08
0.00896515	500	85	2.075
0.00909671	500	86	2.07
0.0092278	500	87	2.065
0.00935879	500	88	2.06
0.00948978	500	89	2.055
0.00962036	500	90	2.05
0.00975114	500	91	2.045
0.00988182	500	92	2.04
0.0100123	500	93	2.035
0.0101424	500	94	2.03
0.0102736	500	95	2.025
0.0104044	500	96	2.02
0.0105343	500	97	2.015
0.010664	500	98	2.01
0.0107937	500	99	2.005
0.0109246	500	100	2
0.0110545	500	101	1.995
0.0111855	500	102	1.99
0.011316	500	103	1.985
0.0114454	500	104	1.98
0.0115765	500	103	1.985
0.0117065	500	106	1.97
0.0118361	500	106	1.97
0.0119663	500	107	1.965
0.0120964	500	108	1.96
0.0122266	500	110	1.95
0.0123571	500	110	1.95
0.0124877	500	111	1.945
0.0126181	500	112	1.94
0.0127483	500	113	1.935
0.0128787	500	112	1.94
0.0130082	500	114	1.93
0.0131384	500	115	1.925
0.0132682	500	115	1.925
0.0133979	500	117	1.915
0.0135283	500	118	1.91
0.0136579	500	119	1.905
0.0139094	500	123	1.885
0.0140553	500	121	1.895
0.0141874	500	123	1.885
0.0143177	500	123	1.885
0.0144476	500	124	1.88
0.0145783	500	125	1.875
0.0147091	500	125	1.875
0.0148392	500	126	1.87
0.014969	500	127	1.865
0.015099	500	128	1.86
0.0152287	500	129	1.855
0.0153589	500	129	1.855
0.0154877	500	130	1.85
0.0156183	500	131	1.845
0.0157483	500	131	1.845
0.0158785	500	132	1.84
0.0160236	500	133	1.835
0.0161737	500	136	1.82
0.0163059	500	135	1.825
0.0164362	500	135	1.825
0.0165658	500	137	1.815
0.0166963	500	137	1.815
0.0168252	500	133	1.835
0.0170998	500	139	1.805
0.0172346	500	139	1.805
0.0173654	500	141	1.795
0.0174961	500	141	1.795
0.0176265	500	142	1.79
0.0177574	500	143	1.785
0.0178874	500	143	1.785
0.0180174	500	144	1.78
0.0181481	500	145	1.775
0.0182768	500	145	1.775
0.0184066	500	146	1.77
0.0185359	500	147	1.765
0.0186658	500	147	1.765
0.0187964	500	148	1.76
0.0189261	500	149	1.755
0.019056	500	149	1.755
0.0191855	500	150	1.75
0.0193155	500	151	1.745
0.0194459	500	151	1.745
0.0195767	500	152	1.74
0.0197075	500	153	1.735
0.0198368	500	153	1.735
0.0199663	500	154	1.73
0.0200968	500	154	1.73
0.0202269	500	155	1.725
0.0203572	500	156	1.72
0.0204874	500	156	1.72
0.0206183	500	157	1.715
0.0207486	500	158	1.71
0.0208791	500	158	1.71
0.0210098	500	159	1.705
0.02114	500	159	1.705
0.0212696	500	160	1.7
0.0214005	500	160	1.7
0.0215303	500	161	1.695
0.0216606	500	161	1.695
0.021791	500	163	1.685
0.021921	500	163	1.685
0.0220515	500	163	1.685
0.0221814	500	165	1.675
0.022311	500	165	1.675
0.0224415	500	165	1.675
0.022572	500	166	1.67
0.0227022	500	166	1.67
0.0228319	500	166	1.67
0.022961	500	167	1.665
0.0230917	500	169	1.655
0.0232225	500	168	1.66
0.0233526	500	169	1.655
0.0234828	500	171	1.645
0.0236557	500	171	1.645
0.0238147	500	171	1.645
0.0239704	500	171	1.645
0.0241184	500	172	1.64
0.0242509	500	173	1.635
0.0243819	500	173	1.635
0.0245116	500	174	1.63
0.0246413	500	174	1.63
0.0247708	500	175	1.625
0.0249004	500	175	1.625
0.0250301	500	176	1.62
0.0251605	500	176	1.62
0.02529	500	176	1.62
0.0254192	500	177	1.615
0.0255491	500	177	1.615
0.025679	500	177	1.615
0.0258083	500	178	1.61
0.0259379	500	178	1.61
0.0260674	500	179	1.605
0.0261971	500	179	1.605
0.0263282	500	180	1.6
0.0264579	500	180	1.6
0.0265874	500	181	1.595
0.0267168	500	179	1.605
0.0268469	500	182	1.59
0.0269764	500	182	1.59
0.0271065	500	180	1.6
0.0272363	500	183	1.585
0.0273671	500	184	1.58
0.0274968	500	184	1.58
0.0276264	500	185	1.575
0.0277558	500	185	1.575
0.0278854	500	185	1.575
0.028015	500	186	1.57
0.0281441	500	186	1.57
0.0282744	500	187	1.565
0.028404	500	187	1.565
0.028534	500	187	1.565
0.0286636	500	188	1.56
0.0287929	500	188	1.56
0.0289223	500	189	1.555
0.0290515	500	189	1.555
0.029181	500	189	1.555
0.029311	500	190	1.55
0.0294405	500	190	1.55
0.0295711	500	191	1.545
0.0297013	500	191	1.545
0.0298313	500	191	1.545
0.0299614	500	192	1.54
0.0300906	500	192	1.54
0.0302203	500	192	1.54
0.0303507	500	193	1.535
0.030481	500	193	1.535
0.030611	500	194	1.53
0.0307412	500	194	1.53
0.030871	500	195	1.525
0.0310008	500	195	1.525
0.0311314	500	195	1.525
0.0312611	500	196	1.52
0.0313907	500	196	1.52
0.0315208	500	196	1.52
0.0316507	500	197	1.515
0.0317801	500	197	1.515
0.0319094	500	198	1.51
0.0320532	500	198	1.51
0.0321993	500	198	1.51
0.0323296	500	199	1.505
0.0324596	500	199	1.505
0.0325894	500	199	1.505
0.0327199	500	199	1.505
0.0328499	500	201	1.495
0.032979	500	200	1.5
0.0331096	500	200	1.5
0.0332387	500	203	1.485
0.0333684	500	201	1.495
0.0334978	500	203	1.485
0.0336265	500	202	1.49
0.0337785	500	202	1.49
0.0339183	500	203	1.485
0.0340492	500	203	1.485
0.0341794	500	203	1.485
0.0343095	500	204	1.48
0.03444	500	204	1.48
0.0345707	500	204	1.48
0.0347007	500	204	1.48
0.0348311	500	204	1.48
0.0349613	500	205	1.475
0.0350916	500	205	1.475
0.0352216	500	206	1.47
0.0353516	500	206	1.47
0.0354813	500	207	1.465
0.0356118	500	207	1.465
0.0357412	500	208	1.46
0.0358714	500	207	1.465
0.0360022	500	207	1.465
0.0361321	500	210	1.45
0.0362628	500	208	1.46
0.0363918	500	211	1.445
0.036522	500	208	1.46
0.0366512	500	209	1.455
0.0367811	500	211	1.445
0.0369109	500	209	1.455
0.0370414	500	210	1.45
0.0371714	500	213	1.435
0.0373008	500	211	1.445
0.0374307	500	211	1.445
0.0375598	500	211	1.445
0.0376901	500	211	1.445
0.0378192	500	211	1.445
0.0379493	500	212	1.44
0.0380801	500	212	1.44
0.0382096	500	212	1.44
0.0383391	500	212	1.44
0.0384694	500	213	1.435
0.0385993	500	213	1.435
0.0387292	500	213	1.435
0.0388588	500	213	1.435
0.0389889	500	214	1.43
0.0391191	500	214	1.43
0.0392496	500	214	1.43
0.0393792	500	214	1.43
0.0395091	500	215	1.425
0.0396385	500	215	1.425
0.0397684	500	215	1.425
0.0398989	500	215	1.425
0.0400417	500	216	1.42
0.0401862	500	217	1.415
0.0403167	500	218	1.41
0.0404464	500	218	1.41
0.0405764	500	218	1.41
0.040706	500	218	1.41
0.0408368	500	219	1.405
0.0409669	500	219	1.405
0.0410979	500	219	1.405
0.0412276	500	218	1.41
0.0413585	500	218	1.41
0.041489	500	218	1.41
0.0416198	500	219	1.405
0.0417503	500	217	1.415
0.0418805	500	219	1.405
0.0420094	500	219	1.405
0.0421386	500	219	1.405
0.0422684	500	220	1.4
0.0423995	500	218	1.41
0.0425298	500	220	1.4
0.042659	500	220	1.4
0.0427879	500	219	1.405
0.0429176	500	221	1.395
0.043047	500	221	1.395
0.0431752	500	220	1.4
0.0433054	500	222	1.39
0.0434349	500	222	1.39
0.0435644	500	220	1.4
0.0436942	500	222	1.39
0.0438501	500	222	1.39
0.0439884	500	222	1.39
0.0441193	500	223	1.385
0.044249	500	223	1.385
0.0443798	500	223	1.385
0.0445105	500	223	1.385
0.0446406	500	224	1.38
0.0447701	500	224	1.38
0.0448996	500	224	1.38
0.0450297	500	224	1.38
0.0451606	500	224	1.38
0.0452906	500	224	1.38
0.0454209	500	224	1.38
0.0455513	500	225	1.375
0.0456811	500	225	1.375
0.0458107	500	225	1.375
0.0459409	500	225	1.375
0.0460709	500	226	1.37
0.0462007	500	226	1.37
0.046331	500	226	1.37
0.04646	500	225	1.375
0.0465892	500	226	1.37
0.0467483	500	227	1.365
0.0468789	500	227	1.365
0.0470087	500	224	1.38
0.0471392	500	227	1.365
0.0472697	500	227	1.365
0.0474	500	227	1.365
0.0475303	500	227	1.365
0.0476601	500	228	1.36
0.0477915	500	228	1.36
0.0479211	500	228	1.36
0.0480663	500	228	1.36
0.0482116	500	228	1.36
0.0483424	500	228	1.36
0.0484727	500	229	1.355
0.0486022	500	229	1.355
0.0487324	500	229	1.355
0.0488629	500	229	1.355
0.0489932	500	230	1.35
0.0491236	500	230	1.35
0.0492539	500	230	1.35
0.0493837	500	230	1.35
0.049513	500	230	1.35
0.0496432	500	230	1.35
0.0497724	500	230	1.35
0.0499029	500	231	1.345
0.0500335	500	231	1.345
0.0501637	500	231	1.345
0.0502942	500	231	1.345
0.050424	500	231	1.345
0.050554	500	231	1.345
0.0506843	500	231	1.345
0.0508137	500	232	1.34
0.050944	500	232	1.34
0.0510743	500	232	1.34
0.051204	500	232	1.34
0.0513334	500	232	1.34
0.0514629	500	233	1.335
0.0515931	500	232	1.34
0.0517227	500	234	1.33
0.0518523	500	233	1.335
0.0519814	500	235	1.325
0.0521107	500	233	1.335
0.0522405	500	233	1.335
0.0523697	500	233	1.335
0.0524991	500	233	1.335
0.0526287	500	233	1.335
0.0527587	500	235	1.325
0.0528888	500	234	1.33
0.0530187	500	234	1.33
0.0531492	500	234	1.33
0.0532795	500	235	1.325
0.0534088	500	232	1.34
0.0535386	500	235	1.325
0.0536682	500	235	1.325
0.0538394	500	235	1.325
0.054005	500	235	1.325
0.054136	500	235	1.325
0.0542664	500	235	1.325
0.0543964	500	236	1.32
0.0545264	500	235	1.325
0.0546564	500	236	1.32
0.0547866	500	236	1.32
0.0549162	500	236	1.32
0.0550455	500	236	1.32
0.0551752	500	236	1.32
0.0553049	500	236	1.32
0.0554344	500	238	1.31
0.0555635	500	236	1.32
0.0556935	500	236	1.32
0.0558234	500	237	1.315
0.0559678	500	236	1.32
0.0561121	500	236	1.32
0.0562428	500	237	1.315
0.0563741	500	238	1.31
0.0565044	500	237	1.315
0.0566343	500	237	1.315
0.0567643	500	237	1.315
0.056894	500	238	1.31
0.0570231	500	240	1.3
0.057152	500	236	1.32
0.0572817	500	240	1.3
0.0574124	500	240	1.3
0.0575419	500	240	1.3
0.0576713	500	240	1.3
0.0578007	500	240	1.3
0.0579306	500	240	1.3
0.0580601	500	240	1.3
0.0581899	500	241	1.295
0.0583194	500	241	1.295
0.0584493	500	241	1.295
0.0585792	500	241	1.295
0.0587094	500	241	1.295
0.0588388	500	241	1.295
0.0589684	500	241	1.295
0.0590983	500	241	1.295
0.0592278	500	239	1.305
0.0593576	500	239	1.305
0.0594869	500	240	1.3
0.0596166	500	240	1.3
0.059746	500	240	1.3
0.0598756	500	240	1.3
0.0600053	500	240	1.3
0.060135	500	240	1.3
0.0602645	500	240	1.3
0.0603934	500	240	1.3
0.0605231	500	240	1.3
0.0606527	500	240	1.3
0.0607821	500	240	1.3
0.0609118	500	241	1.295
0.0610412	500	241	1.295
0.0611708	500	241	1.295
0.061301	500	241	1.295
0.0614303	500	241	1.295
0.0615603	500	241	1.295
0.0616908	500	241	1.295
0.061821	500	241	1.295
0.0619508	500	243	1.285
0.0620809	500	242	1.29
0.0622109	500	242	1.29
0.0623399	500	242	1.29
0.0624696	500	242	1.29
0.0625989	500	242	1.29
0.0627296	500	243	1.285
0.0628594	500	242	1.29
0.0629896	500	242	1.29
0.0631199	500	242	1.29
0.06325	500	242	1.29
0.0633799	500	241	1.295
0.0635099	500	243	1.285
0.0636399	500	242	1.29
0.0637865	500	243	1.285
0.0639262	500	247	1.265
0.0640732	500	243	1.285
0.0642173	500	243	1.285
0.0643478	500	243	1.285
0.0644777	500	243	1.285
0.064608	500	244	1.28
0.0647375	500	243	1.285
0.0648682	500	242	1.29
0.0649981	500	243	1.285
0.0651277	500	243	1.285
0.0652575	500	243	1.285
0.0653872	500	243	1.285
0.0655166	500	243	1.285
0.0656468	500	244	1.28
0.0657773	500	244	1.28
0.065907	500	244	1.28
0.0660367	500	244	1.28
0.066166	500	244	1.28
0.0662952	500	244	1.28
0.0664247	500	244	1.28
0.0665541	500	244	1.28
0.066684	500	243	1.285
0.0668135	500	244	1.28
0.066944	500	241	1.295
0.0670752	500	245	1.275
0.0672056	500	245	1.275
0.0673352	500	245	1.275
0.067465	500	245	1.275
0.0675947	500	245	1.275
0.0677242	500	245	1.275
0.0678539	500	245	1.275
0.0679838	500	245	1.275
0.0681144	500	245	1.275
0.0682446	500	245	1.275
0.0683742	500	245	1.275
0.0685047	500	245	1.275
0.0686339	500	246	1.27
0.0687646	500	245	1.275
0.0688934	500	246	1.27
0.0690228	500	246	1.27
0.0691537	500	246	1.27
0.0692843	500	246	1.27
0.0694146	500	246	1.27
0.0695445	500	246	1.27
0.0696745	500	246	1.27
0.0698303	500	246	1.27
0.0699611	500	246	1.27
0.070091	500	246	1.27
0.0702209	500	246	1.27
0.0703512	500	246	1.27
0.0704815	500	246	1.27
0.0706115	500	246	1.27
0.0707413	500	246	1.27
0.070871	500	246	1.27
0.0710002	500	247	1.265
0.0711295	500	247	1.265
0.0712593	500	247	1.265
0.0713878	500	247	1.265
0.0715175	500	246	1.27
0.0716473	500	247	1.265
0.0717768	500	247	1.265
0.0719064	500	248	1.26
0.0720498	500	247	1.265
0.0721944	500	247	1.265
0.0723251	500	247	1.265
0.0724562	500	246	1.27
0.0725856	500	247	1.265
0.0727156	500	247	1.265
0.0728453	500	245	1.275
0.0729743	500	248	1.26
0.0731039	500	247	1.265
0.0732341	500	247	1.265
0.0733633	500	247	1.265
0.073494	500	249	1.255
0.0736241	500	248	1.26
0.0737537	500	245	1.275
0.0739166	500	248	1.26
0.074047	500	247	1.265
0.0741771	500	248	1.26
0.074307	500	248	1.26
0.0744369	500	248	1.26
0.0745682	500	248	1.26
0.0746987	500	248	1.26
0.0748284	500	248	1.26
0.074958	500	248	1.26
0.0750874	500	251	1.245
0.0752168	500	248	1.26
0.0753469	500	245	1.275
0.0754771	500	248	1.26
0.0756078	500	248	1.26
0.0757386	500	251	1.245
0.0758683	500	250	1.25
0.0759981	500	251	1.245
0.0761281	500	250	1.25
0.0762572	500	244	1.28
0.076387	500	252	1.24
0.0765172	500	251	1.245
0.0766477	500	245	1.275
0.0767771	500	249	1.255
0.0769067	500	244	1.28
0.0770367	500	253	1.235
0.0771667	500	249	1.255
0.0772963	500	249	1.255
0.0774262	500	249	1.255
0.0775557	500	249	1.255
0.0776866	500	249	1.255
0.0778173	500	249	1.255
0.0779476	500	249	1.255
0.0780781	500	249	1.255
0.0782074	500	249	1.255
0.0783379	500	249	1.255
0.078468	500	249	1.255
0.0785978	500	249	1.255
0.0787277	500	249	1.255
0.0788586	500	249	1.255
0.0789885	500	250	1.25
0.0791186	500	249	1.255
0.0792483	500	249	1.255
0.0793792	500	250	1.25
0.0795085	500	250	1.25
0.0796388	500	250	1.25
0.0797677	500	250	1.25
0.0798991	500	250	1.25
0.0800432	500	250	1.25
0.0801879	500	250	1.25
0.0803192	500	250	1.25
0.0804499	500	250	1.25
0.0805796	500	250	1.25
0.0807091	500	250	1.25
0.0808388	500	250	1.25
0.0809695	500	250	1.25
0.0810997	500	250	1.25
0.0812295	500	250	1.25
0.0813594	500	250	1.25
0.0814889	500	250	1.25
0.0816189	500	250	1.25
0.0817484	500	251	1.245
0.0818785	500	249	1.255
0.0820086	500	250	1.25
0.0821389	500	249	1.255
0.0822688	500	250	1.25
0.0823987	500	251	1.245
0.0825283	500	250	1.25
0.0826578	500	251	1.245
0.0827888	500	251	1.245
0.0829185	500	252	1.24
0.0830485	500	251	1.245
0.0831784	500	251	1.245
0.0833081	500	250	1.25
0.0834379	500	251	1.245
0.0835673	500	252	1.24
0.0836966	500	251	1.245
0.0838513	500	249	1.255
0.0839899	500	251	1.245
0.0841205	500	252	1.24
0.0842506	500	251	1.245
0.0843811	500	251	1.245
0.0845114	500	251	1.245
0.0846415	500	251	1.245
0.0847704	500	251	1.245
0.0848997	500	252	1.24
0.0850295	500	251	1.245
0.0851593	500	250	1.25
0.0852889	500	251	1.245
0.0854194	500	251	1.245
0.0855484	500	252	1.24
0.0856779	500	251	1.245
0.0858071	500	251	1.245
0.0859369	500	251	1.245
0.0860669	500	252	1.24
0.0861969	500	249	1.255
0.0863273	500	251	1.245
0.0864577	500	252	1.24
0.0865877	500	253	1.235
0.0867175	500	252	1.24
0.0868484	500	252	1.24
0.0869784	500	250	1.25
0.0871077	500	252	1.24
0.0872376	500	252	1.24
0.087368	500	252	1.24
0.0874976	500	252	1.24
0.0876277	500	252	1.24
0.0877576	500	252	1.24
0.0878877	500	252	1.24
0.0880309	500	252	1.24
0.088175	500	252	1.24
0.0883066	500	252	1.24
0.0884376	500	252	1.24
0.0885678	500	252	1.24
0.0886979	500	252	1.24
0.0888288	500	252	1.24
0.0889584	500	252	1.24
0.0890886	500	252	1.24
0.0892194	500	252	1.24
0.0893494	500	252	1.24
0.0894793	500	252	1.24
0.0896093	500	252	1.24
0.08974	500	252	1.24
0.0898701	500	252	1.24
0.09	500	252	1.24
0.0901302	500	252	1.24
0.0902598	500	252	1.24
0.0903902	500	252	1.24
0.0905199	500	252	1.24
0.0906501	500	252	1.24
0.0907803	500	252	1.24
0.09091	500	253	1.235
0.0910404	500	253	1.235
0.0911708	500	252	1.24
0.0913005	500	252	1.24
0.0914306	500	252	1.24
0.0915603	500	253	1.235
0.0916916	500	251	1.245
0.091821	500	253	1.235
0.0919512	500	253	1.235
0.0920803	500	254	1.23
0.0922095	500	253	1.235
0.0923393	500	252	1.24
0.0924694	500	252	1.24
0.0925993	500	253	1.235
0.0927292	500	253	1.235
0.0928738	500	253	1.235
0.0930044	500	251	1.245
0.093135	500	253	1.235
0.093264	500	253	1.235
0.0933943	500	255	1.225
0.093524	500	253	1.235
0.0936528	500	254	1.23
0.0938664	500	251	1.245
0.094009	500	252	1.24
0.0941398	500	251	1.245
0.0942701	500	253	1.235
0.0944003	500	252	1.24
0.094531	500	252	1.24
0.0946611	500	254	1.23
0.094791	500	253	1.235
0.0949224	500	250	1.25
0.0950525	500	253	1.235
0.0951829	500	253	1.235
0.0953134	500	253	1.235
0.0954428	500	253	1.235
0.0955723	500	253	1.235
0.0957016	500	253	1.235
0.0958308	500	253	1.235
0.0959713	500	253	1.235
0.0961167	500	254	1.23
0.0962491	500	250	1.25
0.0963798	500	253	1.235
0.0965105	500	254	1.23
0.0966407	500	255	1.225
0.0967708	500	254	1.23
0.0969003	500	253	1.235
0.0970308	500	249	1.255
0.0971618	500	253	1.235
0.0972909	500	253	1.235
0.0974215	500	254	1.23
0.0975519	500	254	1.23
0.0976818	500	254	1.23
0.0978115	500	254	1.23
0.0979415	500	254	1.23
0.0980722	500	254	1.23
0.0982019	500	254	1.23
0.0983322	500	254	1.23
0.0984622	500	254	1.23
0.0985918	500	254	1.23
0.0987209	500	254	1.23
0.0988511	500	254	1.23
0.0989818	500	254	1.23
0.0991118	500	254	1.23
0.0992424	500	254	1.23
0.0993721	500	254	1.23
0.0995022	500	254	1.23
0.0996324	500	254	1.23
0.0997625	500	254	1.23
0.0998918	500	254	1.23
0.100022	500	254	1.23
0.100152	500	254	1.23
0.100279	500	254	1.23
0.100411	500	254	1.23
0.100542	500	254	1.23
0.100671	500	254	1.23
0.100801	500	254	1.23
0.100932	500	254	1.23
0.101062	500	254	1.23
0.101193	500	254	1.23
0.101324	500	254	1.23
0.101454	500	254	1.23
0.101584	500	254	1.23
0.101714	500	254	1.23
0.101844	500	255	1.225
0.101974	500	254	1.23
0.102104	500	254	1.23
0.102234	500	254	1.23
0.102365	500	254	1.23
0.102496	500	254	1.23
0.102626	500	255	1.225
0.102757	500	254	1.23
0.102887	500	254	1.23
0.103017	500	254	1.23
0.103147	500	254	1.23
0.103276	500	254	1.23
0.103406	500	254	1.23
0.103536	500	253	1.235
0.103667	500	254	1.23
0.103825	500	255	1.225
0.103971	500	253	1.235
0.104117	500	255	1.225
0.10425	500	254	1.23
0.104381	500	254	1.23
0.104513	500	255	1.225
0.104642	500	255	1.225
0.104714	500	253	1.235
0.104781	500	254	1.23
0.104848	500	252	1.24
0.104915	500	254	1.23
0.104987	500	255	1.225
0.105054	500	255	1.225
0.105121	500	255	1.225
0.105188	500	255	1.225
0.105255	500	254	1.23
0.105321	500	255	1.225
0.105388	500	255	1.225
0.105454	500	255	1.225
0.10552	500	255	1.225
0.105587	500	255	1.225
0.105654	500	255	1.225
0.105721	500	255	1.225
0.105787	500	255	1.225
0.105854	500	255	1.225
0.105921	500	255	1.225
0.105987	500	254	1.23
0.106054	500	254	1.23
0.10612	500	255	1.225
0.106187	500	255	1.225
0.106254	500	253	1.235
0.10632	500	255	1.225
0.106387	500	255	1.225
0.106454	500	254	1.23
0.106521	500	255	1.225
0.106588	500	254	1.23
0.106654	500	255	1.225
0.106722	500	254	1.23
0.106788	500	254	1.23
0.106855	500	255	1.225
0.106922	500	251	1.245
0.106988	500	255	1.225
0.107055	500	251	1.245
0.107122	500	254	1.23
0.107188	500	255	1.225
0.107255	500	255	1.225
0.107321	500	255	1.225
0.107388	500	255	1.225
0.107455	500	255	1.225
0.107521	500	255	1.225
0.107588	500	255	1.225
0.107655	500	255	1.225
0.107721	500	255	1.225
0.107787	500	255	1.225
0.107855	500	255	1.225
0.107921	500	255	1.225
0.107988	500	255	1.225
0.108054	500	255	1.225
0.108121	500	255	1.225
0.108188	500	255	1.225
0.108255	500	255	1.225
0.108321	500	255	1.225
0.108388	500	255	1.225
0.108455	500	255	1.225
0.108521	500	255	1.225
0.108588	500	255	1.225
0.108654	500	255	1.225
0.108721	500	255	1.225
0.108787	500	255	1.225
0.108854	500	255	1.225
0.108921	500	255	1.225
0.108987	500	255	1.225
0.109054	500	255	1.225
0.109121	500	255	1.225
0.109187	500	255	1.225
0.109254	500	255	1.225
0.109321	500	255	1.225
0.109387	500	255	1.225
0.109454	500	255	1.225
0.10952	500	255	1.225
0.109587	500	255	1.225
0.109653	500	255	1.225
0.10972	500	255	1.225
0.109787	500	255	1.225
0.109853	500	255	1.225
0.10992	500	255	1.225
0.109987	500	255	1.225
0.110054	500	255	1.225
0.11012	500	255	1.225
0.110187	500	255	1.225
0.110254	500	255	1.225
0.11032	500	255	1.225
0.110386	500	255	1.225
0.110453	500	255	1.225
0.110519	500	255	1.225
0.110586	500	255	1.225
0.110666	500	255	1.225
0.110733	500	255	1.225
0.1108	500	255	1.225
0.110867	500	255	1.225
0.110933	500	255	1.225
0.111	500	255	1.225
0.111066	500	255	1.225
0.111133	500	255	1.225
0.111199	500	255	1.225
0.111265	500	255	1.225
0.111332	500	255	1.225
0.111398	500	255	1.225
0.111464	500	255	1.225
0.111531	500	255	1.225
0.111597	500	255	1.225
0.111664	500	255	1.225
0.11173	500	257	1.215
0.111797	500	255	1.225
0.111863	500	257	1.215
0.11193	500	256	1.22
0.112004	500	255	1.225
0.112071	500	254	1.23
0.112145	500	254	1.23
0.112212	500	254	1.23
0.112279	500	256	1.22
0.112346	500	255	1.225
0.112412	500	255	1.225
0.112479	500	255	1.225
0.112545	500	255	1.225
0.112612	500	256	1.22
0.112678	500	255	1.225
0.112745	500	255	1.225
0.112811	500	255	1.225
0.112878	500	258	1.21
0.112945	500	256	1.22
0.113012	500	256	1.22
0.113079	500	257	1.215
0.113145	500	255	1.225
0.113212	500	256	1.22
0.113278	500	256	1.22
0.113345	500	255	1.225
0.113411	500	254	1.23
0.113478	500	255	1.225
0.113545	500	252	1.24
0.113612	500	256	1.22
0.113678	500	255	1.225
0.113745	500	256	1.22
0.11383	500	257	1.215
0.113897	500	256	1.22
0.113964	500	255	1.225
0.114031	500	254	1.23
0.114098	500	255	1.225
0.114165	500	255	1.225
0.114231	500	255	1.225
0.114298	500	255	1.225
0.114364	500	257	1.215
0.11443	500	256	1.22
0.114497	500	255	1.225
0.114564	500	256	1.22
0.11463	500	255	1.225
0.114697	500	255	1.225
0.114763	500	255	1.225
0.11483	500	255	1.225
0.114897	500	255	1.225
0.114963	500	255	1.225
0.11503	500	255	1.225
0.115096	500	256	1.22
0.115163	500	255	1.225
0.115229	500	255	1.225
0.115296	500	256	1.22
0.115363	500	255	1.225
0.115429	500	255	1.225
0.115496	500	257	1.215
0.115562	500	255	1.225
0.115629	500	255	1.225
0.115695	500	256	1.22
0.115762	500	255	1.225
0.115829	500	256	1.22
0.115895	500	256	1.22
0.115962	500	256	1.22
0.116028	500	255	1.225
0.116095	500	256	1.22
0.116161	500	252	1.24
0.116228	500	256	1.22
0.116295	500	255	1.225
0.116362	500	255	1.225
0.116428	500	255	1.225
0.116495	500	252	1.24
0.116561	500	255	1.225
0.116628	500	255	1.225
0.116695	500	258	1.21
0.116761	500	255	1.225
0.116828	500	255	1.225
0.116894	500	256	1.22
0.116961	500	250	1.25
0.117028	500	256	1.22
0.117094	500	256	1.22
0.117161	500	252	1.24
0.117228	500	255	1.225
0.117294	500	256	1.22
0.117362	500	255	1.225
0.117428	500	256	1.22
0.117495	500	256	1.22
0.117561	500	255	1.225
0.117628	500	256	1.22
0.117694	500	256	1.22
0.117761	500	256	1.22
0.117828	500	255	1.225
0.117894	500	256	1.22
0.117961	500	255	1.225
0.118027	500	255	1.225
0.118094	500	256	1.22
0.118161	500	255	1.225
0.118227	500	256	1.22
0.118294	500	256	1.22
0.118361	500	255	1.225
0.118427	500	256	1.22
0.118494	500	256	1.22
