Time	Goal	In	Out
1.02787	500	2	4.98
1.02937	500	26	4.74
1.03058	500	53	4.47
1.0318	500	77	4.23
1.03301	500	100	4
1.03423	500	120	3.8
1.03544	500	140	3.6
1.03665	500	155	3.45
1.03786	500	172	3.28
1.03924	500	188	3.12
1.04046	500	201	2.99
1.04169	500	212	2.88
1.04291	500	223	2.77
1.04413	500	233	2.67
1.04534	500	241	2.59
1.04655	500	250	2.5
1.04775	500	256	2.44
1.04897	500	263	2.37
1.05018	500	270	2.3
1.05139	500	275	2.25
1.0526	500	279	2.21
1.05382	500	286	2.14
1.05503	500	291	2.09
1.05624	500	294	2.06
1.05745	500	298	2.02
1.05866	500	301	1.99
1.05987	500	304	1.96
1.06108	500	307	1.93
1.06229	500	309	1.91
1.06359	500	312	1.88
1.06481	500	314	1.86
1.06602	500	315	1.85
1.06723	500	318	1.82
1.06844	500	320	1.8
1.06965	500	321	1.79
1.07086	500	320	1.8
1.07207	500	324	1.76
1.07328	500	325	1.75
1.0745	500	326	1.74
1.07571	500	327	1.73
1.07692	500	330	1.7
1.07813	500	329	1.71
1.07934	500	330	1.7
1.08055	500	331	1.69
1.08177	500	331	1.69
1.08299	500	332	1.68
1.0842	500	332	1.68
1.08542	500	333	1.67
1.08662	500	333	1.67
1.08783	500	333	1.67
1.08904	500	336	1.64
1.09025	500	337	1.63
1.09146	500	334	1.66
1.09268	500	335	1.65
1.09389	500	335	1.65
1.0951	500	335	1.65
1.09631	500	335	1.65
1.09752	500	336	1.64
1.09873	500	336	1.64
1.09994	500	336	1.64
1.10115	500	337	1.63
1.10236	500	337	1.63
1.10361	500	337	1.63
1.10483	500	337	1.63
1.10604	500	337	1.63
1.10725	500	335	1.65
1.10846	500	337	1.63
1.10967	500	338	1.62
1.11088	500	338	1.62
1.11209	500	338	1.62
1.1133	500	338	1.62
1.11452	500	338	1.62
1.11573	500	338	1.62
1.11693	500	338	1.62
1.11814	500	338	1.62
1.11935	500	338	1.62
1.12056	500	339	1.61
1.12178	500	338	1.62
1.123	500	338	1.62
1.12422	500	336	1.64
1.12543	500	338	1.62
1.12663	500	338	1.62
1.12787	500	339	1.61
1.12908	500	339	1.61
1.13029	500	342	1.58
1.1315	500	338	1.62
1.13271	500	338	1.62
1.13393	500	339	1.61
1.13514	500	338	1.62
1.13635	500	338	1.62
1.13757	500	338	1.62
1.13878	500	338	1.62
1.13999	500	338	1.62
1.1412	500	339	1.61
1.14244	500	337	1.63
1.14366	500	339	1.61
1.14487	500	339	1.61
1.14608	500	339	1.61
1.14729	500	338	1.62
1.1485	500	339	1.61
1.14971	500	339	1.61
1.15091	500	339	1.61
1.15212	500	338	1.62
1.15333	500	339	1.61
1.15455	500	339	1.61
1.15576	500	339	1.61
1.15697	500	337	1.63
1.15818	500	339	1.61
1.15939	500	339	1.61
1.16061	500	337	1.63
1.16182	500	339	1.61
1.16304	500	339	1.61
1.16425	500	339	1.61
1.16546	500	339	1.61
1.16667	500	338	1.62
1.16788	500	339	1.61
1.16909	500	339	1.61
1.1703	500	333	1.67
1.17151	500	339	1.61
1.17272	500	339	1.61
1.17394	500	339	1.61
1.17515	500	338	1.62
1.17636	500	339	1.61
1.17758	500	340	1.6
1.17879	500	337	1.63
1.18	500	341	1.59
1.18121	500	339	1.61
1.18246	500	339	1.61
1.18368	500	339	1.61
1.18489	500	339	1.61
1.1861	500	339	1.61
1.18731	500	339	1.61
1.18852	500	339	1.61
1.18973	500	339	1.61
1.19094	500	339	1.61
1.19215	500	339	1.61
1.19336	500	339	1.61
1.19457	500	339	1.61
1.19578	500	339	1.61
1.19699	500	337	1.63
1.1982	500	339	1.61
1.19941	500	339	1.61
1.20063	500	339	1.61
1.20184	500	339	1.61
1.20306	500	339	1.61
1.20427	500	339	1.61
1.20548	500	339	1.61
1.20669	500	338	1.62
1.2079	500	339	1.61
1.20911	500	339	1.61
1.21032	500	339	1.61
1.21153	500	339	1.61
1.21274	500	339	1.61
1.21396	500	338	1.62
1.21517	500	342	1.58
1.21638	500	339	1.61
1.2176	500	338	1.62
1.21881	500	337	1.63
1.22002	500	339	1.61
1.22123	500	339	1.61
1.22245	500	339	1.61
1.22366	500	339	1.61
1.22487	500	339	1.61
1.22608	500	339	1.61
1.22731	500	338	1.62
1.22855	500	339	1.61
1.22976	500	334	1.66
1.23097	500	339	1.61
1.23218	500	339	1.61
1.2334	500	339	1.61
1.23461	500	339	1.61
1.23582	500	339	1.61
1.23703	500	339	1.61
1.23824	500	339	1.61
1.23945	500	339	1.61
1.24066	500	339	1.61
1.24187	500	339	1.61
1.24308	500	339	1.61
1.2443	500	339	1.61
1.24551	500	340	1.6
1.24671	500	339	1.61
1.24792	500	339	1.61
1.24913	500	339	1.61
1.25034	500	336	1.64
1.25155	500	339	1.61
1.25277	500	339	1.61
1.25398	500	339	1.61
1.25519	500	338	1.62
1.2564	500	339	1.61
1.25762	500	339	1.61
1.25883	500	339	1.61
1.26004	500	336	1.64
1.26124	500	339	1.61
1.26246	500	339	1.61
1.26367	500	339	1.61
1.26488	500	339	1.61
1.26609	500	339	1.61
1.26734	500	339	1.61
1.26855	500	338	1.62
1.26976	500	341	1.59
1.27097	500	339	1.61
1.27218	500	339	1.61
1.27339	500	339	1.61
1.2746	500	339	1.61
1.27581	500	339	1.61
1.27702	500	340	1.6
1.27823	500	339	1.61
1.27944	500	339	1.61
1.28064	500	339	1.61
1.28185	500	339	1.61
1.28307	500	339	1.61
1.28433	500	339	1.61
1.28554	500	338	1.62
1.28675	500	339	1.61
1.28796	500	339	1.61
1.28917	500	339	1.61
1.29038	500	339	1.61
1.29158	500	339	1.61
1.2928	500	339	1.61
1.29402	500	339	1.61
1.29522	500	339	1.61
1.29643	500	339	1.61
1.29766	500	339	1.61
1.29886	500	339	1.61
1.30007	500	339	1.61
1.30128	500	339	1.61
1.3025	500	339	1.61
1.30371	500	339	1.61
1.30492	500	340	1.6
1.30613	500	338	1.62
1.30734	500	339	1.61
1.30854	500	339	1.61
1.30975	500	339	1.61
1.31096	500	339	1.61
1.31217	500	339	1.61
1.31338	500	339	1.61
1.31459	500	339	1.61
1.3158	500	339	1.61
1.31701	500	339	1.61
1.31822	500	339	1.61
1.31943	500	339	1.61
1.32064	500	339	1.61
1.32185	500	339	1.61
1.32306	500	337	1.63
1.32428	500	339	1.61
1.32548	500	339	1.61
1.32669	500	338	1.62
1.3279	500	339	1.61
1.32913	500	339	1.61
1.33034	500	337	1.63
1.33155	500	339	1.61
1.33277	500	339	1.61
1.33398	500	339	1.61
1.33519	500	338	1.62
1.3364	500	339	1.61
1.33762	500	339	1.61
1.33883	500	339	1.61
1.34004	500	340	1.6
1.34125	500	337	1.63
1.34246	500	339	1.61
1.34368	500	339	1.61
1.34489	500	339	1.61
1.34609	500	340	1.6
1.3473	500	339	1.61
1.34851	500	339	1.61
1.34972	500	340	1.6
1.35093	500	339	1.61
1.35213	500	339	1.61
1.35335	500	339	1.61
1.35456	500	339	1.61
1.35577	500	339	1.61
1.35698	500	338	1.62
1.35819	500	339	1.61
1.35939	500	338	1.62
1.36062	500	339	1.61
1.36182	500	339	1.61
1.36304	500	339	1.61
1.36425	500	339	1.61
1.36546	500	339	1.61
1.36667	500	339	1.61
1.36788	500	339	1.61
1.36909	500	339	1.61
1.3703	500	339	1.61
1.3715	500	339	1.61
1.37272	500	339	1.61
1.37393	500	339	1.61
1.37514	500	339	1.61
1.37635	500	338	1.62
1.37758	500	339	1.61
1.37879	500	339	1.61
1.37999	500	338	1.62
1.3812	500	339	1.61
1.38245	500	339	1.61
1.38366	500	339	1.61
1.38487	500	339	1.61
1.38608	500	338	1.62
1.38729	500	339	1.61
1.3885	500	339	1.61
1.38971	500	339	1.61
1.39092	500	339	1.61
1.39213	500	339	1.61
1.39334	500	339	1.61
1.39455	500	339	1.61
1.39576	500	340	1.6
1.39697	500	339	1.61
1.39818	500	339	1.61
1.39938	500	339	1.61
1.4006	500	339	1.61
1.40181	500	339	1.61
1.40303	500	339	1.61
1.40424	500	339	1.61
1.40545	500	339	1.61
1.40666	500	339	1.61
1.40787	500	339	1.61
1.40908	500	339	1.61
1.41029	500	337	1.63
1.41149	500	339	1.61
1.4127	500	339	1.61
1.41392	500	339	1.61
1.41513	500	339	1.61
1.41634	500	339	1.61
1.41756	500	339	1.61
1.41877	500	339	1.61
1.41998	500	339	1.61
1.42119	500	339	1.61
1.42244	500	339	1.61
1.42366	500	339	1.61
1.42487	500	339	1.61
1.42608	500	339	1.61
1.42728	500	339	1.61
1.42849	500	339	1.61
1.42972	500	339	1.61
1.43093	500	339	1.61
1.43214	500	339	1.61
1.43335	500	339	1.61
1.43457	500	339	1.61
1.43578	500	338	1.62
1.43699	500	339	1.61
1.43819	500	339	1.61
1.4394	500	339	1.61
1.44062	500	339	1.61
1.44183	500	339	1.61
1.44305	500	339	1.61
1.44426	500	339	1.61
1.44547	500	339	1.61
1.44668	500	339	1.61
1.44789	500	339	1.61
1.4491	500	339	1.61
1.45031	500	339	1.61
1.45151	500	339	1.61
1.45273	500	339	1.61
1.45394	500	339	1.61
1.45516	500	339	1.61
1.45637	500	339	1.61
1.45759	500	339	1.61
1.45881	500	339	1.61
1.46002	500	339	1.61
1.46123	500	339	1.61
1.46245	500	339	1.61
1.46367	500	339	1.61
1.46487	500	339	1.61
1.46608	500	336	1.64
1.46729	500	339	1.61
1.4685	500	339	1.61
1.46973	500	338	1.62
1.47099	500	339	1.61
1.4722	500	339	1.61
1.47342	500	339	1.61
1.47464	500	339	1.61
1.47586	500	345	1.55
1.47715	500	339	1.61
1.4784	500	337	1.63
1.47971	500	339	1.61
1.481	500	339	1.61
1.48235	500	339	1.61
1.48365	500	339	1.61
1.48496	500	339	1.61
1.48626	500	338	1.62
1.48753	500	339	1.61
1.48876	500	339	1.61
1.48997	500	339	1.61
1.4912	500	339	1.61
1.49248	500	339	1.61
1.49375	500	339	1.61
1.49498	500	339	1.61
1.49629	500	339	1.61
1.49773	500	338	1.62
1.49907	500	339	1.61
1.50036	500	339	1.61
1.50163	500	339	1.61
1.50296	500	339	1.61
1.50418	500	339	1.61
1.50539	500	339	1.61
1.50666	500	338	1.62
1.5079	500	336	1.64
1.50916	500	338	1.62
1.51041	500	339	1.61
1.51169	500	339	1.61
1.51291	500	339	1.61
1.51413	500	339	1.61
1.51534	500	339	1.61
1.51655	500	339	1.61
1.51776	500	339	1.61
1.51897	500	339	1.61
1.5202	500	340	1.6
1.52141	500	339	1.61
1.52264	500	339	1.61
1.52386	500	339	1.61
1.52507	500	339	1.61
1.52628	500	339	1.61
1.52749	500	339	1.61
1.5287	500	339	1.61
1.52994	500	339	1.61
1.53115	500	339	1.61
1.53236	500	339	1.61
1.53363	500	339	1.61
1.53484	500	339	1.61
1.53605	500	339	1.61
1.53726	500	339	1.61
1.5385	500	339	1.61
1.53978	500	337	1.63
1.54108	500	343	1.57
1.5423	500	339	1.61
1.54356	500	339	1.61
1.54478	500	339	1.61
1.54599	500	339	1.61
1.5472	500	339	1.61
1.54841	500	338	1.62
1.54963	500	339	1.61
1.5509	500	339	1.61
1.55212	500	339	1.61
1.55335	500	338	1.62
1.55465	500	339	1.61
1.55591	500	339	1.61
1.55712	500	337	1.63
1.55836	500	339	1.61
1.55963	500	339	1.61
1.56087	500	339	1.61
1.56209	500	339	1.61
1.5634	500	339	1.61
1.56474	500	339	1.61
1.566	500	339	1.61
1.56721	500	337	1.63
1.56842	500	340	1.6
1.56968	500	337	1.63
1.57101	500	339	1.61
1.57226	500	339	1.61
1.57349	500	339	1.61
1.57475	500	337	1.63
1.57608	500	340	1.6
1.57736	500	339	1.61
1.57861	500	339	1.61
1.57987	500	336	1.64
1.58117	500	339	1.61
1.58249	500	339	1.61
1.58377	500	339	1.61
1.58502	500	339	1.61
1.58624	500	337	1.63
1.58752	500	339	1.61
1.58878	500	339	1.61
1.59003	500	337	1.63
1.59125	500	339	1.61
1.59252	500	341	1.59
1.59386	500	339	1.61
1.59518	500	339	1.61
1.59643	500	338	1.62
1.59767	500	339	1.61
1.59895	500	339	1.61
1.60028	500	339	1.61
1.60154	500	340	1.6
1.60281	500	339	1.61
1.60404	500	339	1.61
1.60526	500	340	1.6
1.60651	500	338	1.62
1.60777	500	339	1.61
1.60901	500	339	1.61
1.61023	500	339	1.61
1.61144	500	339	1.61
1.61266	500	339	1.61
1.61388	500	339	1.61
1.61512	500	339	1.61
1.61633	500	339	1.61
1.6176	500	339	1.61
1.61883	500	339	1.61
1.62008	500	339	1.61
1.6213	500	339	1.61
1.62257	500	339	1.61
1.62384	500	339	1.61
1.62515	500	339	1.61
1.62636	500	336	1.64
1.62761	500	339	1.61
1.62883	500	339	1.61
1.63005	500	339	1.61
1.63129	500	339	1.61
1.63252	500	339	1.61
1.63376	500	339	1.61
1.63502	500	339	1.61
1.63625	500	339	1.61
1.63747	500	339	1.61
1.63871	500	339	1.61
1.63999	500	339	1.61
1.64122	500	339	1.61
1.64246	500	339	1.61
1.64368	500	339	1.61
1.64492	500	339	1.61
1.64618	500	338	1.62
1.64741	500	333	1.67
1.64864	500	339	1.61
1.64995	500	337	1.63
1.65128	500	339	1.61
1.65253	500	339	1.61
1.65376	500	341	1.59
1.6551	500	339	1.61
1.65637	500	339	1.61
1.65765	500	339	1.61
1.65886	500	339	1.61
1.66007	500	339	1.61
1.6613	500	339	1.61
1.66256	500	339	1.61
1.66385	500	339	1.61
1.66511	500	342	1.58
1.66636	500	339	1.61
1.6676	500	339	1.61
1.6689	500	339	1.61
1.67017	500	336	1.64
1.67142	500	339	1.61
1.67265	500	339	1.61
1.67395	500	339	1.61
1.67523	500	339	1.61
1.6765	500	339	1.61
1.67776	500	339	1.61
1.67897	500	339	1.61
1.68021	500	337	1.63
1.68147	500	339	1.61
1.68274	500	338	1.62
1.68401	500	339	1.61
1.68524	500	339	1.61
1.6865	500	339	1.61
1.68776	500	343	1.57
1.68901	500	339	1.61
1.69022	500	342	1.58
1.69143	500	339	1.61
1.69264	500	339	1.61
1.69386	500	339	1.61
1.69515	500	339	1.61
1.69641	500	337	1.63
1.69773	500	339	1.61
1.69894	500	339	1.61
1.70016	500	339	1.61
1.70137	500	341	1.59
1.7026	500	339	1.61
1.70382	500	339	1.61
1.70503	500	339	1.61
1.70627	500	338	1.62
1.70754	500	340	1.6
1.70881	500	339	1.61
1.71002	500	339	1.61
1.71123	500	339	1.61
1.71248	500	339	1.61
1.71373	500	339	1.61
1.71494	500	339	1.61
1.71615	500	339	1.61
1.71738	500	339	1.61
1.71861	500	337	1.63
1.71982	500	340	1.6
1.72103	500	338	1.62
1.72224	500	339	1.61
1.72345	500	339	1.61
1.72467	500	338	1.62
1.72588	500	338	1.62
1.72711	500	339	1.61
1.72832	500	339	1.61
1.72956	500	339	1.61
1.73081	500	339	1.61
1.73202	500	339	1.61
1.73325	500	339	1.61
1.73447	500	339	1.61
1.73568	500	339	1.61
1.73689	500	339	1.61
1.73811	500	339	1.61
1.73932	500	343	1.57
1.74055	500	338	1.62
1.74176	500	338	1.62
1.74297	500	339	1.61
1.74419	500	339	1.61
1.7454	500	339	1.61
1.74661	500	341	1.59
1.74782	500	338	1.62
1.74903	500	338	1.62
1.75029	500	338	1.62
1.7515	500	339	1.61
1.75271	500	339	1.61
1.75393	500	341	1.59
1.75514	500	339	1.61
1.75637	500	339	1.61
1.75758	500	338	1.62
1.75879	500	339	1.61
1.76	500	335	1.65
1.76121	500	339	1.61
1.76245	500	339	1.61
1.76367	500	339	1.61
1.76488	500	339	1.61
1.76609	500	338	1.62
1.76729	500	339	1.61
1.76851	500	339	1.61
1.76973	500	339	1.61
1.77094	500	339	1.61
1.77215	500	339	1.61
1.77336	500	339	1.61
1.77457	500	339	1.61
1.77578	500	339	1.61
1.77699	500	339	1.61
1.7782	500	339	1.61
1.77941	500	339	1.61
1.78064	500	339	1.61
1.78185	500	339	1.61
1.78306	500	339	1.61
1.78428	500	339	1.61
1.78549	500	337	1.63
1.7867	500	339	1.61
1.78791	500	339	1.61
1.78912	500	339	1.61
1.79032	500	342	1.58
1.79153	500	339	1.61
1.79274	500	339	1.61
1.79396	500	339	1.61
1.79517	500	339	1.61
1.79638	500	338	1.62
1.79759	500	339	1.61
1.7988	500	338	1.62
1.80001	500	339	1.61
1.80122	500	339	1.61
1.80244	500	339	1.61
1.80366	500	339	1.61
1.80487	500	339	1.61
1.80608	500	338	1.62
1.80728	500	339	1.61
1.8085	500	339	1.61
1.80973	500	339	1.61
1.81094	500	339	1.61
1.81215	500	339	1.61
1.81336	500	339	1.61
1.81457	500	339	1.61
1.81578	500	339	1.61
1.817	500	339	1.61
1.81823	500	339	1.61
1.81944	500	339	1.61
1.82065	500	339	1.61
1.82186	500	339	1.61
1.82307	500	339	1.61
1.82428	500	339	1.61
1.82549	500	339	1.61
1.8267	500	339	1.61
1.82791	500	339	1.61
1.82912	500	339	1.61
1.83033	500	339	1.61
1.83157	500	339	1.61
1.83278	500	339	1.61
1.834	500	339	1.61
1.83523	500	339	1.61
1.83644	500	339	1.61
1.83767	500	338	1.62
1.83887	500	334	1.66
1.84008	500	339	1.61
1.84129	500	339	1.61
1.84251	500	339	1.61
1.84372	500	339	1.61
1.84493	500	335	1.65
1.84614	500	339	1.61
1.84735	500	340	1.6
1.84856	500	339	1.61
1.84978	500	342	1.58
1.85099	500	339	1.61
1.8522	500	339	1.61
1.85341	500	339	1.61
1.85463	500	340	1.6
1.85584	500	339	1.61
1.85705	500	339	1.61
1.85826	500	339	1.61
1.85947	500	338	1.62
1.86068	500	339	1.61
1.86189	500	339	1.61
1.8631	500	341	1.59
1.86432	500	339	1.61
1.86553	500	337	1.63
1.86674	500	339	1.61
1.86795	500	339	1.61
1.86915	500	339	1.61
1.87036	500	339	1.61
1.87157	500	339	1.61
1.87278	500	339	1.61
1.874	500	339	1.61
1.87521	500	339	1.61
1.87642	500	339	1.61
1.87763	500	338	1.62
1.87883	500	339	1.61
1.88004	500	339	1.61
1.88125	500	337	1.63
1.88247	500	339	1.61
1.88369	500	339	1.61
1.8849	500	339	1.61
1.88611	500	339	1.61
1.88731	500	339	1.61
1.88852	500	339	1.61
1.88975	500	339	1.61
1.89095	500	339	1.61
1.89216	500	339	1.61
1.89338	500	339	1.61
1.89459	500	339	1.61
1.8958	500	339	1.61
1.89701	500	338	1.62
1.89822	500	335	1.65
1.89943	500	339	1.61
1.90064	500	339	1.61
1.90184	500	339	1.61
1.90306	500	339	1.61
1.90428	500	339	1.61
1.90549	500	340	1.6
1.90669	500	339	1.61
1.9079	500	338	1.62
1.90911	500	339	1.61
1.91032	500	339	1.61
1.91153	500	339	1.61
1.91274	500	339	1.61
1.91396	500	339	1.61
1.91517	500	339	1.61
1.91637	500	340	1.6
1.91758	500	339	1.61
1.91879	500	339	1.61
1.92	500	337	1.63
1.92121	500	339	1.61
1.92247	500	339	1.61
1.92369	500	339	1.61
1.9249	500	339	1.61
1.92611	500	339	1.61
1.92731	500	338	1.62
1.92852	500	339	1.61
1.92975	500	340	1.6
1.93095	500	339	1.61
1.93219	500	339	1.61
1.9334	500	339	1.61
1.93461	500	338	1.62
1.93582	500	339	1.61
1.93703	500	337	1.63
1.93824	500	339	1.61
1.93945	500	337	1.63
1.94066	500	339	1.61
1.94187	500	339	1.61
1.94309	500	339	1.61
1.9443	500	339	1.61
1.94551	500	339	1.61
1.94672	500	339	1.61
1.94793	500	340	1.6
1.94914	500	339	1.61
1.95035	500	339	1.61
1.95156	500	339	1.61
1.95277	500	339	1.61
1.95398	500	339	1.61
1.95519	500	339	1.61
1.9564	500	340	1.6
1.95761	500	339	1.61
1.95882	500	339	1.61
1.96003	500	338	1.62
1.96124	500	339	1.61
1.96245	500	339	1.61
1.96367	500	339	1.61
1.96488	500	339	1.61
1.96609	500	338	1.62
1.9673	500	339	1.61
1.96851	500	339	1.61
1.96973	500	339	1.61
1.97094	500	339	1.61
1.97215	500	339	1.61
1.97336	500	339	1.61
1.97458	500	340	1.6
1.97579	500	339	1.61
1.977	500	337	1.63
1.97821	500	339	1.61
1.97942	500	341	1.59
1.98063	500	339	1.61
1.98184	500	339	1.61
1.98305	500	339	1.61
1.98427	500	339	1.61
1.98547	500	339	1.61
1.98669	500	339	1.61
1.98789	500	339	1.61
1.98913	500	338	1.62
1.99034	500	339	1.61
1.99155	500	339	1.61
1.99276	500	339	1.61
1.99398	500	339	1.61
1.99519	500	339	1.61
1.9964	500	339	1.61
1.9976	500	339	1.61
1.99881	500	339	1.61
2.00002	500	339	1.61
2.00123	500	339	1.61
2.00245	500	339	1.61
2.00367	500	339	1.61
2.00488	500	339	1.61
2.00608	500	337	1.63
2.00729	500	338	1.62
2.00851	500	339	1.61
2.00973	500	339	1.61
2.01094	500	339	1.61
2.01214	500	339	1.61
2.01336	500	339	1.61
2.01457	500	339	1.61
2.01578	500	339	1.61
2.01699	500	339	1.61
2.0182	500	339	1.61
2.01941	500	339	1.61
2.02062	500	339	1.61
2.02182	500	339	1.61
2.02304	500	339	1.61
2.02426	500	339	1.61
2.02547	500	339	1.61
2.02668	500	339	1.61
2.02789	500	339	1.61
2.02909	500	339	1.61
2.0303	500	339	1.61
2.03151	500	339	1.61
2.03275	500	339	1.61
2.03397	500	339	1.61
2.03518	500	339	1.61
2.03638	500	338	1.62
2.03759	500	339	1.61
2.0388	500	339	1.61
2.04001	500	337	1.63
2.04122	500	339	1.61
2.0425	500	339	1.61
2.04372	500	339	1.61
2.04493	500	340	1.6
2.04614	500	339	1.61
2.04735	500	339	1.61
2.04857	500	339	1.61
2.04979	500	339	1.61
2.05099	500	339	1.61
2.0522	500	339	1.61
2.05342	500	339	1.61
2.05464	500	339	1.61
2.05585	500	339	1.61
2.05705	500	339	1.61
2.05826	500	340	1.6
2.05947	500	338	1.62
2.06068	500	339	1.61
2.06189	500	339	1.61
2.06311	500	339	1.61
2.06432	500	339	1.61
2.06553	500	339	1.61
2.06674	500	338	1.62
2.06795	500	339	1.61
2.06916	500	338	1.62
2.07037	500	339	1.61
2.07158	500	339	1.61
2.07279	500	339	1.61
2.074	500	339	1.61
2.07521	500	339	1.61
2.07642	500	337	1.63
2.07763	500	339	1.61
2.07884	500	339	1.61
2.08005	500	339	1.61
2.08126	500	339	1.61
2.08247	500	339	1.61
2.08369	500	339	1.61
2.0849	500	339	1.61
2.08611	500	339	1.61
2.08731	500	339	1.61
2.08852	500	339	1.61
2.08974	500	339	1.61
2.09095	500	339	1.61
2.09216	500	339	1.61
2.09338	500	339	1.61
2.09459	500	339	1.61
2.0958	500	341	1.59
2.09701	500	339	1.61
2.09822	500	339	1.61
2.09943	500	340	1.6
2.10064	500	339	1.61
2.10184	500	339	1.61
2.10306	500	339	1.61
2.10428	500	339	1.61
2.10548	500	339	1.61
2.10669	500	339	1.61
2.1079	500	338	1.62
2.10911	500	339	1.61
2.11032	500	339	1.61
2.11153	500	339	1.61
2.11274	500	339	1.61
2.11396	500	337	1.63
2.11517	500	338	1.62
2.11637	500	339	1.61
2.11758	500	339	1.61
2.11879	500	339	1.61
2.12	500	339	1.61
2.12121	500	339	1.61
2.12246	500	339	1.61
2.12367	500	339	1.61
2.12488	500	339	1.61
2.12609	500	340	1.6
2.1273	500	339	1.61
2.12851	500	339	1.61
2.12973	500	339	1.61
2.13094	500	339	1.61
2.13215	500	339	1.61
2.13339	500	337	1.63
2.13461	500	340	1.6
2.13582	500	338	1.62
2.13703	500	339	1.61
2.13824	500	338	1.62
2.13945	500	339	1.61
2.14066	500	339	1.61
2.14187	500	339	1.61
2.14308	500	339	1.61
2.1443	500	339	1.61
2.14551	500	339	1.61
2.14672	500	339	1.61
2.14793	500	339	1.61
2.14914	500	339	1.61
2.15034	500	337	1.63
2.15155	500	339	1.61
2.15276	500	339	1.61
2.15398	500	339	1.61
2.15519	500	339	1.61
2.1564	500	339	1.61
2.15761	500	339	1.61
2.15881	500	339	1.61
2.16002	500	337	1.63
2.16123	500	339	1.61
2.16245	500	339	1.61
2.16367	500	339	1.61
2.16488	500	339	1.61
2.16609	500	339	1.61
2.1673	500	339	1.61
2.16851	500	339	1.61
2.16973	500	337	1.63
2.17094	500	339	1.61
2.17215	500	339	1.61
2.17336	500	339	1.61
2.17459	500	339	1.61
2.1758	500	339	1.61
2.17701	500	339	1.61
2.17822	500	339	1.61
2.17942	500	339	1.61
2.18063	500	339	1.61
2.18184	500	339	1.61
2.18306	500	339	1.61
2.18428	500	339	1.61
2.18549	500	339	1.61
2.18669	500	339	1.61
2.1879	500	339	1.61
2.18911	500	338	1.62
2.19032	500	339	1.61
2.19153	500	339	1.61
2.19274	500	339	1.61
2.19396	500	339	1.61
2.19517	500	339	1.61
2.19638	500	340	1.6
2.19759	500	339	1.61
2.19879	500	339	1.61
2.2	500	339	1.61
2.20121	500	339	1.61
2.20247	500	339	1.61
2.20369	500	337	1.63
2.2049	500	339	1.61
2.2061	500	339	1.61
2.20731	500	339	1.61
2.20852	500	339	1.61
2.20975	500	339	1.61
2.21095	500	339	1.61
2.21216	500	339	1.61
2.21338	500	339	1.61
2.2146	500	339	1.61
2.2158	500	336	1.64
2.21701	500	339	1.61
2.21822	500	339	1.61
2.21943	500	339	1.61
2.22064	500	339	1.61
2.22185	500	340	1.6
2.22307	500	338	1.62
2.22428	500	339	1.61
2.22549	500	339	1.61
2.22671	500	339	1.61
2.22795	500	339	1.61
2.22916	500	339	1.61
2.23037	500	339	1.61
2.23158	500	339	1.61
2.23279	500	339	1.61
2.23403	500	339	1.61
2.23524	500	339	1.61
2.23645	500	339	1.61
2.23766	500	338	1.62
2.23887	500	339	1.61
2.24008	500	337	1.63
2.24129	500	339	1.61
2.24251	500	339	1.61
2.24372	500	339	1.61
2.24493	500	338	1.62
2.24614	500	339	1.61
2.24735	500	339	1.61
2.24856	100	339	-2.39
2.24878	100	339	-2.39
2.24894	900	338	5.62
2.24917	900	337	5.63
2.2494	100	340	-2.4
2.24959	100	343	-2.43
2.24978	100	340	-2.4
2.24997	100	340	-2.4
2.25015	100	339	-2.39
2.25034	900	337	5.63
2.25057	900	336	5.64
2.2508	100	339	-2.39
2.25099	100	342	-2.42
2.25118	100	340	-2.4
2.25136	100	339	-2.39
2.25155	900	338	5.62
2.25178	900	337	5.63
2.25206	100	340	-2.4
2.25236	100	344	-2.44
2.25266	100	343	-2.43
2.25299	100	339	-2.39
2.25319	900	338	5.62
2.25342	900	337	5.63
2.25365	100	341	-2.41
2.25384	100	343	-2.43
2.25402	100	342	-2.42
2.25421	100	340	-2.4
2.2544	100	339	-2.39
2.25458	900	338	5.62
2.25481	900	336	5.64
2.25504	100	341	-2.41
2.25523	100	342	-2.42
2.25541	100	341	-2.41
2.25565	100	339	-2.39
2.25584	900	338	5.62
2.25607	900	338	5.62
2.2563	100	340	-2.4
2.25651	100	343	-2.43
2.25671	100	342	-2.42
2.25689	100	340	-2.4
2.25708	100	339	-2.39
2.25726	900	337	5.63
2.25749	900	336	5.64
2.25773	100	341	-2.41
2.25791	100	342	-2.42
2.2581	100	342	-2.42
2.25828	100	339	-2.39
2.25847	900	336	5.64
2.2587	900	337	5.63
2.25893	100	340	-2.4
2.25912	100	341	-2.41
2.25931	100	342	-2.42
2.25949	100	343	-2.43
2.25968	100	339	-2.39
2.25986	900	337	5.63
2.26009	900	336	5.64
2.26032	100	340	-2.4
2.26051	100	342	-2.42
2.26069	100	341	-2.41
2.26088	100	339	-2.39
2.26106	900	338	5.62
2.26129	900	337	5.63
2.26152	100	340	-2.4
2.26171	100	343	-2.43
2.26189	100	341	-2.41
2.26208	100	340	-2.4
2.26226	100	339	-2.39
2.26248	900	337	5.63
2.26272	900	336	5.64
2.26295	100	339	-2.39
2.26314	100	342	-2.42
2.26333	100	340	-2.4
2.26351	100	339	-2.39
2.2637	900	338	5.62
2.26393	900	336	5.64
2.26416	100	340	-2.4
2.26435	100	342	-2.42
2.26455	100	341	-2.41
2.26475	100	339	-2.39
2.26494	900	337	5.63
2.26517	900	336	5.64
2.2654	100	340	-2.4
2.26559	100	342	-2.42
2.26577	100	341	-2.41
2.26596	100	340	-2.4
2.26614	900	338	5.62
2.26637	900	337	5.63
2.2666	100	341	-2.41
2.26679	100	343	-2.43
2.26697	100	342	-2.42
2.26716	100	341	-2.41
2.26734	100	339	-2.39
2.26753	900	338	5.62
2.26776	900	337	5.63
2.26799	100	340	-2.4
2.26818	100	343	-2.43
2.26836	100	342	-2.42
2.26855	100	340	-2.4
2.26873	900	338	5.62
2.26896	900	337	5.63
2.2692	100	341	-2.41
2.26938	100	342	-2.42
2.26957	100	342	-2.42
2.26975	100	341	-2.41
2.26994	100	339	-2.39
2.27012	900	338	5.62
2.27035	900	337	5.63
2.27059	100	340	-2.4
2.27077	100	343	-2.43
2.27096	100	341	-2.41
2.27114	100	340	-2.4
2.27133	100	339	-2.39
2.27151	900	337	5.63
2.27174	900	336	5.64
2.27197	100	340	-2.4
2.27216	100	342	-2.42
2.27235	100	340	-2.4
2.27259	100	339	-2.39
2.27278	900	337	5.63
2.27301	900	336	5.64
2.27324	100	340	-2.4
2.27343	100	342	-2.42
2.27362	100	341	-2.41
2.2738	100	339	-2.39
2.27399	900	338	5.62
2.27422	900	337	5.63
2.27445	100	339	-2.39
2.27464	100	343	-2.43
2.27483	100	342	-2.42
2.27501	100	339	-2.39
2.2752	100	339	-2.39
2.27538	900	338	5.62
2.27562	900	336	5.64
2.27585	100	339	-2.39
2.27603	100	342	-2.42
2.27622	900	338	5.62
2.27645	100	341	-2.41
2.27664	100	342	-2.42
2.27682	100	341	-2.41
2.27701	100	339	-2.39
2.27719	900	337	5.63
2.27743	900	336	5.64
2.27766	100	340	-2.4
2.27784	100	342	-2.42
2.27803	100	341	-2.41
2.27822	100	340	-2.4
2.2784	900	338	5.62
2.27863	900	337	5.63
2.27886	100	339	-2.39
2.27905	100	343	-2.43
2.27924	100	342	-2.42
2.27942	100	341	-2.41
2.27961	100	339	-2.39
2.27979	100	341	-2.41
2.27998	900	336	5.64
2.28021	900	337	5.63
2.28046	100	339	-2.39
2.28066	100	342	-2.42
2.28085	100	340	-2.4
2.28104	100	339	-2.39
2.28122	900	337	5.63
2.28145	900	336	5.64
2.28168	100	340	-2.4
2.28187	100	342	-2.42
2.28206	100	341	-2.41
2.28224	100	339	-2.39
2.28257	900	338	5.62
2.28291	900	335	5.65
2.28315	100	339	-2.39
2.28334	100	341	-2.41
2.28353	100	340	-2.4
2.28371	900	338	5.62
2.28394	900	337	5.63
2.28417	100	341	-2.41
2.28441	100	344	-2.44
2.2846	100	342	-2.42
2.28479	100	341	-2.41
2.28497	100	339	-2.39
2.28516	100	339	-2.39
2.28534	900	337	5.63
2.28558	900	335	5.65
2.28581	100	339	-2.39
2.28599	100	343	-2.43
2.28618	100	340	-2.4
2.28637	100	339	-2.39
2.28655	900	338	5.62
2.28678	900	336	5.64
2.28701	100	341	-2.41
2.2872	100	342	-2.42
2.28739	100	342	-2.42
2.28757	100	340	-2.4
2.28776	100	339	-2.39
2.28794	900	337	5.63
2.28817	900	336	5.64
2.28841	100	339	-2.39
2.28864	100	343	-2.43
2.28882	100	341	-2.41
2.28901	100	339	-2.39
2.2892	100	339	-2.39
2.28938	900	336	5.64
2.28961	900	336	5.64
2.28984	100	345	-2.45
2.29003	100	342	-2.42
2.29022	100	340	-2.4
2.2904	100	339	-2.39
2.29059	900	337	5.63
2.29082	900	336	5.64
2.29105	100	340	-2.4
2.29124	100	342	-2.42
2.29142	100	341	-2.41
2.29161	100	339	-2.39
2.29179	900	338	5.62
2.29202	900	337	5.63
2.29225	100	340	-2.4
2.29247	100	343	-2.43
2.29266	100	342	-2.42
2.29285	100	340	-2.4
2.29303	100	339	-2.39
2.29322	900	338	5.62
2.29345	900	336	5.64
2.29368	100	340	-2.4
2.29387	100	343	-2.43
2.29405	100	341	-2.41
2.29424	100	340	-2.4
2.29442	900	338	5.62
2.29466	900	337	5.63
2.29489	100	341	-2.41
2.29508	100	342	-2.42
2.29526	100	341	-2.41
2.29545	100	341	-2.41
2.29563	900	338	5.62
2.29586	100	339	-2.39
2.29605	100	340	-2.4
2.29624	100	339	-2.39
2.29642	900	338	5.62
2.29669	900	336	5.64
2.29692	100	339	-2.39
2.29711	100	342	-2.42
2.29729	100	340	-2.4
2.29748	100	339	-2.39
2.29767	900	338	5.62
2.2979	900	336	5.64
2.29813	100	339	-2.39
2.29831	100	343	-2.43
2.2985	100	341	-2.41
2.29868	100	340	-2.4
2.29887	900	338	5.62
2.2991	900	337	5.63
2.29934	100	341	-2.41
2.29952	100	343	-2.43
2.29971	100	342	-2.42
2.29989	100	340	-2.4
2.30008	100	339	-2.39
2.30027	900	337	5.63
2.3005	900	337	5.63
2.30073	100	340	-2.4
2.30091	100	342	-2.42
2.3011	100	341	-2.41
2.30129	100	340	-2.4
2.30147	900	338	5.62
2.3017	900	337	5.63
2.30193	100	341	-2.41
2.30212	100	343	-2.43
2.30231	100	342	-2.42
2.30253	100	340	-2.4
2.30272	100	339	-2.39
2.30291	900	337	5.63
2.30314	900	336	5.64
2.30337	100	340	-2.4
2.30356	100	342	-2.42
2.30375	100	340	-2.4
2.30393	100	339	-2.39
2.30411	900	338	5.62
2.30435	900	337	5.63
2.30462	100	341	-2.41
2.30481	100	344	-2.44
2.305	100	342	-2.42
2.30518	100	340	-2.4
2.30537	100	339	-2.39
2.30555	900	338	5.62
2.30578	900	337	5.63
2.30601	100	340	-2.4
2.3062	100	342	-2.42
2.30639	100	341	-2.41
2.30657	100	340	-2.4
2.30676	900	338	5.62
2.30699	100	339	-2.39
2.30717	100	339	-2.39
2.30736	100	340	-2.4
2.30755	900	337	5.63
2.30778	900	336	5.64
2.30801	100	339	-2.39
2.30819	100	342	-2.42
2.30838	100	340	-2.4
2.30856	100	339	-2.39
2.30875	900	337	5.63
2.30898	900	336	5.64
2.30921	100	340	-2.4
2.3094	100	345	-2.45
2.30958	100	341	-2.41
2.30977	900	336	5.64
2.31	100	339	-2.39
2.31018	100	341	-2.41
2.31037	100	339	-2.39
2.31055	900	338	5.62
2.31079	900	337	5.63
2.31102	100	341	-2.41
2.3112	100	343	-2.43
2.31139	100	342	-2.42
2.31157	100	340	-2.4
2.31176	900	337	5.63
2.31199	900	337	5.63
2.31222	100	340	-2.4
2.31242	100	340	-2.4
2.31311	100	339	-2.39
2.31409	900	331	5.69
2.31463	900	327	5.73
2.31488	900	332	5.68
2.31511	100	339	-2.39
2.3153	100	339	-2.39
2.31549	900	338	5.62
2.31572	900	335	5.65
2.31595	100	339	-2.39
2.31614	100	341	-2.41
2.31633	100	340	-2.4
2.31651	900	338	5.62
2.31674	900	337	5.63
2.31698	100	341	-2.41
2.31716	100	343	-2.43
2.31735	100	342	-2.42
2.31754	100	340	-2.4
2.31772	100	341	-2.41
2.31836	900	335	5.65
2.31932	900	331	5.69
2.31985	900	337	5.63
2.32008	100	341	-2.41
2.32027	100	343	-2.43
2.32048	100	341	-2.41
2.32069	900	338	5.62
2.32093	900	338	5.62
2.32116	100	342	-2.42
2.32135	100	345	-2.45
2.32154	100	344	-2.44
2.32173	100	342	-2.42
2.32191	100	340	-2.4
2.3221	100	339	-2.39
2.32228	900	337	5.63
2.32256	900	336	5.64
2.3228	100	340	-2.4
2.32298	100	342	-2.42
2.32317	100	341	-2.41
2.32336	100	339	-2.39
2.32355	900	338	5.62
2.32378	900	337	5.63
2.32406	100	342	-2.42
2.32504	100	351	-2.51
2.3256	100	347	-2.47
2.32592	100	344	-2.44
2.32611	100	343	-2.43
2.3263	100	342	-2.42
2.32649	100	341	-2.41
2.32668	100	339	-2.39
2.32687	900	337	5.63
2.3271	900	336	5.64
2.32733	100	340	-2.4
2.32752	100	343	-2.43
2.32776	100	340	-2.4
2.32795	100	339	-2.39
2.32813	900	338	5.62
2.32836	900	336	5.64
2.32865	100	341	-2.41
2.32884	100	344	-2.44
2.32902	100	341	-2.41
2.32985	900	336	5.64
2.33017	900	334	5.66
2.33041	900	336	5.64
2.33064	100	340	-2.4
2.33083	100	342	-2.42
2.33102	100	343	-2.43
2.3312	100	341	-2.41
2.33139	100	339	-2.39
2.33157	900	338	5.62
2.33181	900	337	5.63
2.33204	100	341	-2.41
2.33223	100	343	-2.43
2.33245	100	341	-2.41
2.33265	100	340	-2.4
2.33283	100	339	-2.39
2.33302	900	337	5.63
2.33325	900	336	5.64
2.33348	100	339	-2.39
2.33367	100	342	-2.42
2.33385	100	340	-2.4
2.33404	100	339	-2.39
2.33423	900	338	5.62
2.33446	900	336	5.64
2.33469	100	339	-2.39
2.33488	100	343	-2.43
2.33506	100	340	-2.4
2.33525	900	336	5.64
2.33625	900	335	5.65
2.33685	900	337	5.63
2.3371	100	348	-2.48
2.33729	100	351	-2.51
2.33748	100	354	-2.54
2.33766	100	348	-2.48
2.33785	100	346	-2.46
2.33803	100	344	-2.44
2.33822	100	343	-2.43
2.33841	100	342	-2.42
2.3386	100	341	-2.41
2.3387	100	339	-2.39
2.3388	100	339	-2.39
2.33889	100	339	-2.39
2.339	900	337	5.63
2.33912	900	332	5.68
2.33924	100	339	-2.39
2.33934	100	341	-2.41
2.33943	100	339	-2.39
2.33953	100	339	-2.39
2.33962	900	337	5.63
2.33974	100	343	-2.43
2.33983	900	336	5.64
2.33998	900	337	5.63
2.34032	100	344	-2.44
2.34054	100	345	-2.45
2.34065	100	345	-2.45
2.34094	100	343	-2.43
2.34104	100	343	-2.43
2.34114	100	340	-2.4
2.34123	100	341	-2.41
2.34133	900	335	5.65
2.34145	100	339	-2.39
2.34154	100	340	-2.4
2.34164	100	339	-2.39
2.34173	900	334	5.66
2.34185	100	339	-2.39
2.34195	100	340	-2.4
2.34204	900	336	5.64
2.34216	100	339	-2.39
2.34225	100	342	-2.42
2.34235	100	339	-2.39
2.34247	900	338	5.62
2.34259	900	337	5.63
2.34271	100	339	-2.39
2.34281	100	340	-2.4
2.3429	100	339	-2.39
2.343	100	339	-2.39
2.34309	900	338	5.62
2.34321	900	337	5.63
2.34332	100	339	-2.39
2.34342	100	340	-2.4
2.34352	100	340	-2.4
2.34361	100	339	-2.39
2.3437	100	339	-2.39
2.3438	900	338	5.62
2.34392	900	337	5.63
2.34403	100	339	-2.39
2.34413	100	339	-2.39
2.34423	100	342	-2.42
2.34459	900	337	5.63
2.34472	900	336	5.64
2.34485	900	337	5.63
2.34498	100	340	-2.4
2.34525	100	344	-2.44
2.34535	100	343	-2.43
2.34544	100	343	-2.43
2.34554	100	344	-2.44
2.34564	900	338	5.62
2.34576	100	342	-2.42
2.34585	100	343	-2.43
2.34595	100	339	-2.39
2.34604	100	341	-2.41
2.34614	100	340	-2.4
2.34642	900	337	5.63
2.3467	900	336	5.64
2.34683	900	337	5.63
2.34695	900	336	5.64
2.34706	100	344	-2.44
2.34716	100	347	-2.47
2.34726	100	343	-2.43
2.34735	100	343	-2.43
2.34745	100	343	-2.43
2.34754	100	341	-2.41
2.34764	100	340	-2.4
2.34773	100	343	-2.43
2.34783	100	339	-2.39
2.34792	100	339	-2.39
2.34802	900	338	5.62
2.34813	900	336	5.64
2.34825	100	339	-2.39
2.34835	100	346	-2.46
2.34844	100	340	-2.4
2.34854	100	339	-2.39
2.34885	100	339	-2.39
2.349	100	339	-2.39
2.34912	900	331	5.69
2.34924	900	330	5.7
2.34936	900	336	5.64
2.34962	100	347	-2.47
2.34972	100	341	-2.41
2.34981	100	339	-2.39
2.34991	100	343	-2.43
2.35	900	338	5.62
2.35013	100	339	-2.39
2.35048	100	344	-2.44
2.3506	100	348	-2.48
2.3507	100	341	-2.41
2.3508	100	342	-2.42
2.35089	900	334	5.66
2.35101	100	339	-2.39
2.35111	100	340	-2.4
2.3512	100	339	-2.39
2.3513	100	339	-2.39
2.35139	900	337	5.63
2.35151	900	337	5.63
2.35163	100	339	-2.39
2.35172	100	340	-2.4
2.35182	100	339	-2.39
2.35191	100	339	-2.39
2.35201	900	338	5.62
2.35213	900	337	5.63
2.35224	100	339	-2.39
2.35234	100	340	-2.4
2.35247	100	341	-2.41
2.35259	100	339	-2.39
2.35291	900	336	5.64
2.35329	900	334	5.66
2.35356	100	339	-2.39
2.35367	100	340	-2.4
2.35376	100	339	-2.39
2.35386	100	339	-2.39
2.35395	900	337	5.63
2.35407	900	337	5.63
2.35419	100	339	-2.39
2.35429	100	340	-2.4
2.35438	100	339	-2.39
2.35448	100	339	-2.39
2.35458	100	339	-2.39
2.35467	900	336	5.64
2.35479	900	336	5.64
2.35491	100	339	-2.39
2.355	900	338	5.62
2.35512	100	339	-2.39
2.35521	100	340	-2.4
2.35531	100	339	-2.39
2.35541	100	339	-2.39
2.3555	900	338	5.62
2.35562	100	339	-2.39
2.35571	900	332	5.68
2.35606	900	336	5.64
2.35634	100	342	-2.42
2.35663	100	345	-2.45
2.35678	100	351	-2.51
2.35696	100	344	-2.44
2.3571	100	342	-2.42
2.35728	100	340	-2.4
2.35741	900	338	5.62
2.35754	100	339	-2.39
2.35763	100	341	-2.41
2.35773	100	339	-2.39
2.35782	100	339	-2.39
2.35792	900	338	5.62
2.35803	900	337	5.63
2.35815	100	339	-2.39
2.35825	100	340	-2.4
2.35834	100	339	-2.39
2.35844	100	339	-2.39
2.35853	900	338	5.62
2.35865	900	337	5.63
2.35877	100	339	-2.39
2.35886	100	340	-2.4
2.35896	100	339	-2.39
2.35905	100	342	-2.42
2.35915	100	339	-2.39
2.35924	900	338	5.62
2.35958	900	337	5.63
2.35993	100	340	-2.4
2.36018	100	344	-2.44
2.36028	100	344	-2.44
2.36043	900	337	5.63
2.36057	100	342	-2.42
2.36067	100	348	-2.48
2.36077	100	343	-2.43
2.36087	100	341	-2.41
2.36096	100	341	-2.41
2.36106	100	346	-2.46
2.36115	100	340	-2.4
2.36125	100	339	-2.39
2.36134	100	339	-2.39
2.36144	900	337	5.63
2.36156	900	337	5.63
2.36168	100	339	-2.39
2.36177	100	340	-2.4
2.36187	100	339	-2.39
2.36197	100	339	-2.39
2.36206	900	338	5.62
2.36218	900	337	5.63
2.3623	100	339	-2.39
2.36241	100	341	-2.41
2.36251	100	339	-2.39
2.3626	100	339	-2.39
2.3627	900	338	5.62
2.36284	900	337	5.63
2.36316	100	343	-2.43
2.36334	100	346	-2.46
2.36349	100	344	-2.44
2.36359	100	344	-2.44
2.36388	100	341	-2.41
2.36398	100	342	-2.42
2.36408	900	336	5.64
2.36419	100	339	-2.39
2.36429	100	340	-2.4
2.36439	100	339	-2.39
2.36448	100	339	-2.39
2.36458	900	338	5.62
2.3647	900	337	5.63
2.36505	100	344	-2.44
2.36515	100	344	-2.44
2.3653	100	344	-2.44
2.36545	100	342	-2.42
2.36572	900	336	5.64
2.36586	900	337	5.63
2.36599	100	344	-2.44
2.36608	100	339	-2.39
2.36618	100	342	-2.42
2.36627	100	341	-2.41
2.36637	100	341	-2.41
2.36646	900	338	5.62
2.36658	100	343	-2.43
2.36667	100	339	-2.39
2.36677	100	341	-2.41
2.36686	900	337	5.63
2.36698	900	337	5.63
2.3671	100	343	-2.43
2.36719	100	340	-2.4
2.36729	100	342	-2.42
2.36739	100	340	-2.4
2.36748	100	340	-2.4
2.36757	900	338	5.62
2.36769	900	338	5.62
2.36803	100	344	-2.44
2.36834	100	346	-2.46
2.36848	100	347	-2.47
2.36865	100	344	-2.44
2.36886	100	344	-2.44
2.369	100	342	-2.42
2.36915	100	341	-2.41
2.36925	100	342	-2.42
2.36935	100	343	-2.43
2.36944	900	336	5.64
2.36956	900	332	5.68
2.36968	100	340	-2.4
2.3698	100	342	-2.42
2.37015	100	339	-2.39
2.37028	900	338	5.62
2.37043	900	338	5.62
2.37055	100	339	-2.39
2.37064	100	339	-2.39
2.37074	100	340	-2.4
2.37083	100	339	-2.39
2.37093	100	339	-2.39
2.37102	900	338	5.62
2.37114	900	337	5.63
2.37126	100	339	-2.39
2.37136	100	340	-2.4
2.37145	100	339	-2.39
2.37155	100	339	-2.39
2.37164	900	338	5.62
2.37176	900	337	5.63
2.37188	100	339	-2.39
2.37197	100	340	-2.4
2.37207	100	340	-2.4
2.37216	100	339	-2.39
2.37226	100	339	-2.39
2.37235	100	344	-2.44
2.37247	900	337	5.63
2.37261	100	339	-2.39
2.373	100	342	-2.42
2.3732	100	340	-2.4
2.3733	100	339	-2.39
2.3734	100	339	-2.39
2.3735	900	338	5.62
2.37362	900	337	5.63
2.37374	900	338	5.62
2.37386	100	341	-2.41
2.37395	100	342	-2.42
2.37405	100	342	-2.42
2.37414	100	346	-2.46
2.37446	900	337	5.63
2.37486	900	336	5.64
2.37514	100	339	-2.39
2.37539	100	339	-2.39
2.3755	100	342	-2.42
2.37564	100	340	-2.4
2.37582	900	335	5.65
2.3761	100	339	-2.39
2.3762	100	341	-2.41
2.3763	100	341	-2.41
2.37639	100	339	-2.39
2.3765	100	341	-2.41
2.37661	900	337	5.63
2.37673	900	336	5.64
2.37685	900	338	5.62
2.37696	100	340	-2.4
2.37706	100	342	-2.42
2.37715	100	340	-2.4
2.37725	900	338	5.62
2.37737	100	339	-2.39
2.37746	100	341	-2.41
2.37756	100	340	-2.4
2.37765	100	339	-2.39
2.37775	900	338	5.62
2.37787	900	338	5.62
2.37798	100	339	-2.39
2.37808	100	341	-2.41
2.37817	100	340	-2.4
2.37827	100	340	-2.4
2.37836	100	341	-2.41
2.37849	100	342	-2.42
2.37883	900	336	5.64
2.37916	900	333	5.67
2.3794	900	336	5.64
2.37952	100	340	-2.4
2.37961	900	335	5.65
2.37973	100	340	-2.4
2.37983	100	341	-2.41
2.37992	900	332	5.68
2.38004	100	339	-2.39
2.38016	900	333	5.67
2.3805	900	338	5.62
2.38097	100	345	-2.45
2.38127	100	353	-2.53
2.38137	100	351	-2.51
2.38152	100	348	-2.48
2.38167	100	352	-2.52
2.38187	100	346	-2.46
2.38197	100	344	-2.44
2.38207	100	344	-2.44
2.38216	100	343	-2.43
2.38226	100	343	-2.43
2.38236	100	342	-2.42
2.38247	100	341	-2.41
2.38257	100	340	-2.4
2.38267	100	339	-2.39
2.38276	100	339	-2.39
2.38286	900	338	5.62
2.38301	900	337	5.63
2.38313	100	339	-2.39
2.38322	100	341	-2.41
2.38332	100	340	-2.4
2.38341	100	339	-2.39
2.38351	900	338	5.62
2.38363	900	336	5.64
2.38375	900	332	5.68
2.38412	100	346	-2.46
2.38442	100	344	-2.44
2.38454	100	343	-2.43
2.38465	100	345	-2.45
2.38475	100	345	-2.45
2.38484	100	347	-2.47
2.38494	100	343	-2.43
2.38503	100	345	-2.45
2.38513	100	340	-2.4
2.38522	900	332	5.68
2.38534	100	343	-2.43
2.38545	100	339	-2.39
2.38579	900	331	5.69
2.3862	900	334	5.66
2.38641	100	339	-2.39
2.38667	100	344	-2.44
2.38681	100	343	-2.43
2.38692	100	347	-2.47
2.3871	100	341	-2.41
2.38735	100	339	-2.39
2.38746	100	339	-2.39
2.38756	900	336	5.64
2.38768	900	337	5.63
2.3878	100	344	-2.44
2.3879	100	341	-2.41
2.38799	900	338	5.62
2.38811	100	339	-2.39
2.3882	100	340	-2.4
2.3883	100	339	-2.39
2.38839	900	338	5.62
2.38851	900	337	5.63
2.38863	100	339	-2.39
2.38873	100	341	-2.41
2.38882	100	340	-2.4
2.38892	100	340	-2.4
2.38901	900	338	5.62
2.38913	100	340	-2.4
2.38923	900	338	5.62
2.38934	100	339	-2.39
2.38944	100	339	-2.39
2.38953	100	339	-2.39
2.38963	900	336	5.64
2.38975	900	337	5.63
2.38987	100	343	-2.43
2.38996	900	338	5.62
2.39009	100	343	-2.43
2.39018	900	336	5.64
2.3905	100	341	-2.41
2.39063	100	345	-2.45
2.39082	100	349	-2.49
2.39092	100	341	-2.41
2.39102	100	342	-2.42
2.39112	100	341	-2.41
2.39141	900	337	5.63
2.39162	100	339	-2.39
2.39174	100	340	-2.4
2.39183	100	340	-2.4
2.39193	900	337	5.63
2.39205	100	339	-2.39
2.39215	100	340	-2.4
2.39224	900	336	5.64
2.39236	100	339	-2.39
2.39268	100	340	-2.4
2.39302	900	337	5.63
2.39323	900	337	5.63
2.3934	100	340	-2.4
2.39369	100	345	-2.45
2.39377	100	350	-2.5
2.39384	100	344	-2.44
2.39392	100	341	-2.41
2.394	100	342	-2.42
2.39407	900	338	5.62
2.39417	100	339	-2.39
2.39427	100	342	-2.42
2.39436	100	342	-2.42
2.39446	100	341	-2.41
2.39455	100	340	-2.4
2.39465	100	339	-2.39
2.39474	100	339	-2.39
2.39484	900	338	5.62
2.39495	900	337	5.63
2.39507	100	339	-2.39
2.39517	100	339	-2.39
2.39526	100	339	-2.39
2.39536	900	338	5.62
2.39548	100	339	-2.39
2.39557	100	340	-2.4
2.39567	100	339	-2.39
2.39576	900	338	5.62
2.39588	900	334	5.66
2.396	100	340	-2.4
2.3961	100	342	-2.42
2.39643	100	339	-2.39
2.3967	100	344	-2.44
2.39683	900	335	5.65
2.39725	900	333	5.67
2.39755	900	332	5.68
2.39774	900	338	5.62
2.39786	100	343	-2.43
2.39796	100	346	-2.46
2.39805	100	343	-2.43
2.39816	100	342	-2.42
2.39835	100	342	-2.42
2.39845	100	339	-2.39
2.39854	100	339	-2.39
2.39882	900	338	5.62
2.39909	100	343	-2.43
2.39919	900	334	5.66
2.39931	900	336	5.64
2.39943	900	336	5.64
2.39955	100	345	-2.45
2.39965	100	342	-2.42
2.39974	900	337	5.63
2.39986	100	340	-2.4
2.39995	100	342	-2.42
2.40005	100	340	-2.4
2.40014	100	340	-2.4
2.40024	100	339	-2.39
2.40033	900	338	5.62
2.40046	900	337	5.63
2.40059	100	339	-2.39
2.40069	100	341	-2.41
2.40079	100	340	-2.4
2.40088	100	339	-2.39
2.40098	900	333	5.67
2.4011	900	332	5.68
2.40145	100	344	-2.44
2.40156	100	345	-2.45
2.40166	100	351	-2.51
2.40176	100	342	-2.42
2.40186	100	346	-2.46
2.40215	100	343	-2.43
2.40225	100	340	-2.4
2.40241	900	338	5.62
2.40254	900	337	5.63
2.40266	100	339	-2.39
2.40276	100	342	-2.42
2.40285	900	332	5.68
2.40297	100	342	-2.42
2.40309	900	336	5.64
2.40343	100	339	-2.39
2.40358	100	341	-2.41
2.40372	100	340	-2.4
2.40385	100	339	-2.39
2.40397	100	339	-2.39
2.40412	900	337	5.63
2.40426	100	342	-2.42
2.40439	100	344	-2.44
2.40447	100	339	-2.39
2.40457	900	337	5.63
2.40472	900	331	5.69
2.40482	900	337	5.63
2.40494	100	339	-2.39
2.40504	100	341	-2.41
2.40513	100	342	-2.42
2.40523	100	340	-2.4
2.40532	100	339	-2.39
2.40542	900	338	5.62
2.40554	900	338	5.62
2.40565	100	339	-2.39
2.40575	100	340	-2.4
2.40585	100	340	-2.4
2.40594	100	339	-2.39
2.40604	100	339	-2.39
2.40613	900	337	5.63
2.40625	900	338	5.62
2.40637	100	339	-2.39
2.40646	100	340	-2.4
2.40656	100	339	-2.39
2.40666	100	339	-2.39
2.40675	900	338	5.62
2.40687	900	337	5.63
2.40699	100	339	-2.39
2.40709	100	340	-2.4
2.40718	100	339	-2.39
2.40728	100	339	-2.39
2.40737	100	339	-2.39
2.40747	900	338	5.62
2.40758	900	337	5.63
2.4077	100	339	-2.39
2.4078	100	340	-2.4
2.4079	100	339	-2.39
2.40799	100	339	-2.39
2.40813	900	338	5.62
2.40825	900	337	5.63
2.40837	100	339	-2.39
2.40848	100	340	-2.4
2.40859	100	340	-2.4
2.40868	100	339	-2.39
2.40878	900	338	5.62
2.40889	900	338	5.62
2.40901	100	339	-2.39
2.40911	100	343	-2.43
2.4092	100	342	-2.42
2.4093	100	339	-2.39
2.4094	100	339	-2.39
2.40949	100	340	-2.4
2.40958	900	337	5.63
2.4097	900	337	5.63
2.40985	100	340	-2.4
2.41018	100	344	-2.44
2.41032	900	336	5.64
2.41044	900	336	5.64
2.41076	100	346	-2.46
2.41091	100	348	-2.48
2.41101	100	344	-2.44
2.4111	100	345	-2.45
2.4112	100	346	-2.46
2.4113	100	346	-2.46
2.41139	100	345	-2.45
2.41149	100	344	-2.44
2.41159	100	343	-2.43
2.41168	100	343	-2.43
2.41178	100	348	-2.48
2.41187	100	341	-2.41
2.41197	100	340	-2.4
2.41227	100	339	-2.39
2.41245	900	337	5.63
2.41284	900	336	5.64
2.41318	100	341	-2.41
2.41328	100	344	-2.44
2.41343	100	342	-2.42
2.41353	900	337	5.63
2.41365	900	336	5.64
2.41377	100	340	-2.4
2.41386	100	343	-2.43
2.41396	100	342	-2.42
2.41405	100	340	-2.4
2.41415	100	342	-2.42
2.41424	100	341	-2.41
2.41434	100	339	-2.39
2.41444	900	337	5.63
2.41475	900	338	5.62
2.41498	100	340	-2.4
2.41508	100	342	-2.42
2.41518	100	341	-2.41
2.41527	100	341	-2.41
2.41537	100	341	-2.41
2.41547	900	334	5.66
2.41559	100	339	-2.39
2.41568	100	340	-2.4
2.41578	100	339	-2.39
2.41588	100	339	-2.39
2.41597	100	340	-2.4
2.41607	900	337	5.63
