Time	Goal	In	Out
1.00076	150	3	1.47
1.00105	150	5	1.45
1.00124	150	3	1.47
1.00142	150	4	1.46
1.0016	150	5	1.45
1.00179	150	7	1.43
1.00197	150	8	1.42
1.00215	150	9	1.41
1.00233	150	10	1.4
1.00251	150	11	1.39
1.00275	150	12	1.38
1.00294	150	13	1.37
1.00312	150	15	1.35
1.0033	150	16	1.34
1.00348	150	17	1.33
1.00366	150	18	1.32
1.00384	150	19	1.31
1.00402	150	20	1.3
1.0042	150	21	1.29
1.00438	150	22	1.28
1.00456	150	23	1.27
1.00474	150	24	1.26
1.00492	150	25	1.25
1.0051	150	26	1.24
1.00528	150	27	1.23
1.00546	150	28	1.22
1.00564	150	28	1.22
1.00582	150	29	1.21
1.006	150	30	1.2
1.00618	150	32	1.18
1.00636	150	31	1.19
1.00654	150	33	1.17
1.00672	150	34	1.16
1.0069	150	35	1.15
1.00708	150	36	1.14
1.00726	150	36	1.14
1.00744	150	37	1.13
1.00762	150	38	1.12
1.0078	150	39	1.11
1.00798	150	40	1.1
1.00816	150	40	1.1
1.00834	150	40	1.1
1.00852	150	42	1.08
1.0087	150	43	1.07
1.00888	150	44	1.06
1.00906	150	44	1.06
1.00924	150	45	1.05
1.00942	150	46	1.04
1.0096	150	46	1.04
1.00978	150	47	1.03
1.00996	150	48	1.02
1.01014	150	48	1.02
1.01032	150	50	1
1.0105	150	50	1
1.01068	150	50	1
1.01086	150	50	1
1.01104	150	54	0.96
1.01123	150	53	0.97
1.01141	150	53	0.97
1.01159	150	54	0.96
1.01177	150	54	0.96
1.01195	150	55	0.95
1.01213	150	56	0.94
1.01231	150	56	0.94
1.01249	150	57	0.93
1.01269	150	57	0.93
1.01288	150	58	0.92
1.01306	150	58	0.92
1.01324	150	59	0.91
1.01342	150	60	0.9
1.0136	150	60	0.9
1.01378	150	61	0.89
1.01396	150	61	0.89
1.01414	150	62	0.88
1.01433	150	62	0.88
1.01451	150	63	0.87
1.01469	150	63	0.87
1.01487	150	64	0.86
1.01505	150	64	0.86
1.01523	150	65	0.85
1.01541	150	65	0.85
1.01559	150	66	0.84
1.01578	150	66	0.84
1.01596	150	67	0.83
1.01614	150	67	0.83
1.01632	150	68	0.82
1.0165	150	68	0.82
1.01668	150	66	0.84
1.01686	150	68	0.82
1.01704	150	69	0.81
1.01722	150	70	0.8
1.0174	150	69	0.81
1.01758	150	71	0.79
1.01777	150	71	0.79
1.01795	150	71	0.79
1.01813	150	72	0.78
1.01831	150	73	0.77
1.01849	150	70	0.8
1.01867	150	73	0.77
1.01885	150	74	0.76
1.01903	150	74	0.76
1.01921	150	74	0.76
1.01939	150	75	0.75
1.01957	150	75	0.75
1.01976	150	75	0.75
1.01994	150	76	0.74
1.02012	150	76	0.74
1.0203	150	76	0.74
1.02048	150	76	0.74
1.02066	150	77	0.73
1.02084	150	77	0.73
1.02103	150	77	0.73
1.02121	150	78	0.72
1.02139	150	78	0.72
1.02157	150	78	0.72
1.02175	150	79	0.71
1.02193	150	79	0.71
1.02211	150	79	0.71
1.0223	150	80	0.7
1.02248	150	80	0.7
1.02266	150	80	0.7
1.02287	150	81	0.69
1.02305	150	81	0.69
1.02323	150	81	0.69
1.02341	150	81	0.69
1.02359	150	81	0.69
1.02377	150	82	0.68
1.02395	150	82	0.68
1.02413	150	82	0.68
1.02432	150	83	0.67
1.0245	150	83	0.67
1.02468	150	83	0.67
1.02486	150	83	0.67
1.02504	150	83	0.67
1.02522	150	84	0.66
1.0254	150	84	0.66
1.02558	150	84	0.66
1.02576	150	84	0.66
1.02595	150	84	0.66
1.02613	150	85	0.65
1.02631	150	85	0.65
1.02649	150	86	0.64
1.02667	150	86	0.64
1.02685	150	87	0.63
1.02703	150	86	0.64
1.02721	150	86	0.64
1.02739	150	86	0.64
1.02757	150	86	0.64
1.02775	150	87	0.63
1.02793	150	87	0.63
1.02811	150	87	0.63
1.0283	150	87	0.63
1.02848	150	88	0.62
1.02866	150	88	0.62
1.02884	150	88	0.62
1.02902	150	87	0.63
1.0292	150	89	0.61
1.02938	150	89	0.61
1.02956	150	88	0.62
1.02974	150	89	0.61
1.02992	150	89	0.61
1.0301	150	89	0.61
1.03028	150	89	0.61
1.03047	150	89	0.61
1.03065	150	90	0.6
1.03083	150	86	0.64
1.03101	150	89	0.61
1.03119	150	89	0.61
1.03137	150	93	0.57
1.03155	150	93	0.57
1.03173	150	91	0.59
1.03191	150	91	0.59
1.03209	150	91	0.59
1.03227	150	91	0.59
1.03245	150	91	0.59
1.03263	150	91	0.59
1.03284	150	92	0.58
1.03302	150	92	0.58
1.03321	150	92	0.58
1.03339	150	92	0.58
1.03357	150	92	0.58
1.03375	150	92	0.58
1.03393	150	92	0.58
1.03411	150	92	0.58
1.03429	150	92	0.58
1.03447	150	93	0.57
1.03466	150	93	0.57
1.03484	150	93	0.57
1.03502	150	93	0.57
1.0352	150	93	0.57
1.03538	150	93	0.57
1.03556	150	93	0.57
1.03574	150	93	0.57
1.03592	150	94	0.56
1.03611	150	94	0.56
1.03629	150	94	0.56
1.03647	150	94	0.56
1.03665	150	95	0.55
1.03683	150	95	0.55
1.03701	150	92	0.58
1.03719	150	96	0.54
1.03737	150	95	0.55
1.03755	150	94	0.56
1.03773	150	94	0.56
1.03791	150	95	0.55
1.03809	150	95	0.55
1.03827	150	95	0.55
1.03849	150	95	0.55
1.03867	150	95	0.55
1.03885	150	95	0.55
1.03904	150	95	0.55
1.03922	150	95	0.55
1.0394	150	95	0.55
1.03958	150	95	0.55
1.03976	150	97	0.53
1.03994	150	96	0.54
1.04012	150	96	0.54
1.0403	150	96	0.54
1.04048	150	96	0.54
1.04066	150	96	0.54
1.04084	150	96	0.54
1.04102	150	96	0.54
1.0412	150	96	0.54
1.04138	150	96	0.54
1.04156	150	96	0.54
1.04174	150	96	0.54
1.04192	150	97	0.53
1.0421	150	96	0.54
1.04229	150	96	0.54
1.04247	150	97	0.53
1.04265	150	97	0.53
1.04286	150	97	0.53
1.04304	150	97	0.53
1.04322	150	97	0.53
1.0434	150	97	0.53
1.04358	150	97	0.53
1.04376	150	97	0.53
1.04394	150	97	0.53
1.04412	150	97	0.53
1.0443	150	97	0.53
1.04449	150	97	0.53
1.04467	150	97	0.53
1.04485	150	97	0.53
1.04503	150	97	0.53
1.04521	150	98	0.52
1.04539	150	98	0.52
1.04557	150	98	0.52
1.04575	150	98	0.52
1.04593	150	98	0.52
1.04611	150	98	0.52
1.04629	150	98	0.52
1.04647	150	98	0.52
1.04665	150	98	0.52
1.04684	150	98	0.52
1.04702	150	98	0.52
1.0472	150	98	0.52
1.04738	150	96	0.54
1.04756	150	99	0.51
1.04774	150	98	0.52
1.04792	150	98	0.52
1.0481	150	99	0.51
1.04828	150	99	0.51
1.04846	150	99	0.51
1.04864	150	99	0.51
1.04882	150	99	0.51
1.049	150	99	0.51
1.04918	150	99	0.51
1.04936	150	99	0.51
1.04954	150	98	0.52
1.04972	150	101	0.49
1.04991	150	99	0.51
1.05009	150	99	0.51
1.05027	150	99	0.51
1.05045	150	100	0.5
1.05063	150	99	0.51
1.05081	150	98	0.52
1.05099	150	99	0.51
1.05117	150	100	0.5
1.05135	150	99	0.51
1.05153	150	99	0.51
1.05171	150	99	0.51
1.0519	150	99	0.51
1.05208	150	99	0.51
1.05226	150	99	0.51
1.05244	150	99	0.51
1.05262	150	99	0.51
1.05282	150	99	0.51
1.05301	150	100	0.5
1.05319	150	100	0.5
1.05337	150	99	0.51
1.05355	150	100	0.5
1.05373	150	100	0.5
1.05391	150	100	0.5
1.05409	150	100	0.5
1.05428	150	100	0.5
1.05445	150	100	0.5
1.05464	150	100	0.5
1.05482	150	100	0.5
1.055	150	100	0.5
1.05518	150	100	0.5
1.05536	150	100	0.5
1.05554	150	100	0.5
1.05572	150	100	0.5
1.0559	150	100	0.5
1.05608	150	100	0.5
1.05627	150	100	0.5
1.05645	150	100	0.5
1.05663	150	101	0.49
1.05681	150	97	0.53
1.05699	150	102	0.48
1.05717	150	102	0.48
1.05735	150	100	0.5
1.05753	150	100	0.5
1.05771	150	100	0.5
1.05789	150	100	0.5
1.05808	150	100	0.5
1.05826	150	100	0.5
1.05844	150	100	0.5
1.05862	150	100	0.5
1.0588	150	101	0.49
1.05898	150	100	0.5
1.05916	150	101	0.49
1.05934	150	101	0.49
1.05952	150	100	0.5
1.05971	150	100	0.5
1.05989	150	100	0.5
1.06007	150	100	0.5
1.06024	150	101	0.49
1.06043	150	100	0.5
1.06061	150	100	0.5
1.06079	150	100	0.5
1.06097	150	98	0.52
1.06115	150	102	0.48
1.06133	150	99	0.51
1.06151	150	102	0.48
1.0617	150	101	0.49
1.06188	150	101	0.49
1.06206	150	101	0.49
1.06224	150	101	0.49
1.06241	150	101	0.49
1.0626	150	101	0.49
1.06281	150	100	0.5
1.063	150	101	0.49
1.06318	150	101	0.49
1.06336	150	101	0.49
1.06354	150	101	0.49
1.06372	150	101	0.49
1.0639	150	101	0.49
1.06408	150	101	0.49
1.06426	150	101	0.49
1.06444	150	101	0.49
1.06462	150	101	0.49
1.0648	150	101	0.49
1.06499	150	101	0.49
1.06517	150	101	0.49
1.06535	150	101	0.49
1.06553	150	101	0.49
1.06571	150	101	0.49
1.06589	150	101	0.49
1.06607	150	100	0.5
1.06625	150	102	0.48
1.06643	150	101	0.49
1.06662	150	101	0.49
1.0668	150	101	0.49
1.06698	150	101	0.49
1.06716	150	101	0.49
1.06734	150	101	0.49
1.06752	150	101	0.49
1.0677	150	101	0.49
1.06788	150	101	0.49
1.06806	150	102	0.48
1.06825	150	101	0.49
1.06843	150	101	0.49
1.06861	150	101	0.49
1.06879	150	100	0.5
1.06897	150	102	0.48
1.06915	150	101	0.49
1.06934	150	102	0.48
1.06952	150	101	0.49
1.0697	150	101	0.49
1.06988	150	102	0.48
1.07013	150	102	0.48
1.07032	150	101	0.49
1.0705	150	101	0.49
1.07068	150	101	0.49
1.07086	150	101	0.49
1.07104	150	101	0.49
1.07122	150	101	0.49
1.0714	150	101	0.49
1.07158	150	101	0.49
1.07177	150	101	0.49
1.07195	150	101	0.49
1.07213	150	101	0.49
1.07231	150	101	0.49
1.07249	150	101	0.49
1.07267	150	102	0.48
1.07288	150	102	0.48
1.07306	150	101	0.49
1.07325	150	101	0.49
1.07343	150	102	0.48
1.07361	150	102	0.48
1.07379	150	102	0.48
1.07397	150	102	0.48
1.07415	150	102	0.48
1.07434	150	101	0.49
1.0745	150	102	0.48
1.0746	150	101	0.49
1.07469	150	101	0.49
1.07478	150	102	0.48
1.0749	150	101	0.49
1.075	150	102	0.48
1.07509	150	102	0.48
1.07518	150	102	0.48
1.07527	150	102	0.48
1.07537	150	102	0.48
1.07546	150	102	0.48
1.07555	150	102	0.48
1.07564	150	102	0.48
1.07574	150	102	0.48
1.07583	150	102	0.48
1.07592	150	102	0.48
1.07601	150	101	0.49
1.0761	150	101	0.49
1.0762	150	102	0.48
1.07629	150	102	0.48
1.07638	150	102	0.48
1.07647	150	102	0.48
1.07656	150	103	0.47
1.07666	150	102	0.48
1.07675	150	102	0.48
1.07684	150	101	0.49
1.07693	150	103	0.47
1.07703	150	97	0.53
1.07712	150	101	0.49
1.07721	150	102	0.48
1.0773	150	103	0.47
1.07739	150	105	0.45
1.07749	150	102	0.48
1.07758	150	102	0.48
1.07767	150	102	0.48
1.07776	150	102	0.48
1.07786	150	103	0.47
1.07795	150	102	0.48
1.07804	150	102	0.48
1.07813	150	102	0.48
1.07822	150	103	0.47
1.07832	150	101	0.49
1.07841	150	102	0.48
1.0785	150	102	0.48
1.07859	150	102	0.48
1.07869	150	102	0.48
1.07878	150	102	0.48
1.07887	150	102	0.48
1.07896	150	102	0.48
1.07906	150	101	0.49
1.07915	150	102	0.48
1.07924	150	102	0.48
1.07933	150	102	0.48
1.07942	150	102	0.48
1.07952	150	102	0.48
1.07961	150	103	0.47
1.0797	150	102	0.48
1.07979	150	101	0.49
1.07988	150	102	0.48
1.07998	150	102	0.48
1.08007	150	103	0.47
1.08016	150	102	0.48
1.08025	150	101	0.49
1.08035	150	101	0.49
1.08044	150	101	0.49
1.08053	150	102	0.48
1.08062	150	102	0.48
1.08071	150	101	0.49
1.08081	150	104	0.46
1.0809	150	104	0.46
1.08099	150	102	0.48
1.08108	150	102	0.48
1.08118	150	102	0.48
1.08127	150	104	0.46
1.08136	150	100	0.5
1.08145	150	102	0.48
1.08154	150	102	0.48
1.08164	150	100	0.5
1.08173	150	102	0.48
1.08182	150	102	0.48
1.08191	150	102	0.48
1.082	150	102	0.48
1.0821	150	102	0.48
1.08219	150	102	0.48
1.08228	150	102	0.48
1.08237	150	102	0.48
1.08246	150	102	0.48
1.08256	150	102	0.48
1.08265	150	102	0.48
1.08275	150	102	0.48
1.08285	150	102	0.48
1.08294	150	102	0.48
1.08303	150	102	0.48
1.08312	150	102	0.48
1.08322	150	102	0.48
1.08331	150	102	0.48
1.0834	150	102	0.48
1.08349	150	102	0.48
1.08358	150	102	0.48
1.08368	150	102	0.48
1.08377	150	102	0.48
1.08386	150	102	0.48
1.08395	150	102	0.48
1.08404	150	102	0.48
1.08414	150	102	0.48
1.08423	150	102	0.48
1.08432	150	102	0.48
1.08441	150	102	0.48
1.0845	150	102	0.48
1.0846	150	102	0.48
1.08469	150	102	0.48
1.08478	150	102	0.48
1.08487	150	102	0.48
1.08497	150	102	0.48
1.08506	150	102	0.48
1.08515	150	102	0.48
1.08524	150	102	0.48
1.08533	150	102	0.48
1.08543	150	102	0.48
1.08552	150	102	0.48
1.08561	150	102	0.48
1.0857	150	102	0.48
1.08579	150	102	0.48
1.08589	150	102	0.48
1.08598	150	103	0.47
1.08607	150	101	0.49
1.08616	150	102	0.48
1.08625	150	102	0.48
1.08635	150	102	0.48
1.08644	150	102	0.48
1.08653	150	102	0.48
1.08662	150	102	0.48
1.08672	150	101	0.49
1.08681	150	102	0.48
1.0869	150	103	0.47
1.08699	150	101	0.49
1.08708	150	103	0.47
1.08718	150	102	0.48
1.08727	150	102	0.48
1.08736	150	100	0.5
1.08745	150	102	0.48
1.08754	150	102	0.48
1.08764	150	102	0.48
1.08773	150	102	0.48
1.08782	150	102	0.48
1.08791	150	100	0.5
1.08801	150	100	0.5
1.0881	150	102	0.48
1.08819	150	102	0.48
1.08828	150	103	0.47
1.08837	150	101	0.49
1.08847	150	102	0.48
1.08856	150	102	0.48
1.08865	150	102	0.48
1.08874	150	102	0.48
1.08884	150	103	0.47
1.08893	150	102	0.48
1.08902	150	102	0.48
1.08911	150	101	0.49
1.0892	150	102	0.48
1.08929	150	102	0.48
1.08939	150	102	0.48
1.08948	150	102	0.48
1.08957	150	102	0.48
1.08966	150	100	0.5
1.08975	150	102	0.48
1.08985	150	102	0.48
1.08994	150	102	0.48
1.09003	150	103	0.47
1.09012	150	102	0.48
1.09021	150	102	0.48
1.09031	150	102	0.48
1.0904	150	102	0.48
1.09049	150	101	0.49
1.09058	150	102	0.48
1.09067	150	102	0.48
1.09077	150	102	0.48
1.09086	150	103	0.47
1.09095	150	100	0.5
1.09104	150	102	0.48
1.09113	150	102	0.48
1.09123	150	102	0.48
1.09132	150	106	0.44
1.09141	150	102	0.48
1.0915	150	102	0.48
1.09159	150	102	0.48
1.09169	150	99	0.51
1.09178	150	102	0.48
1.09187	150	102	0.48
1.09196	150	102	0.48
1.09206	150	102	0.48
1.09215	150	102	0.48
1.09224	150	102	0.48
1.09233	150	102	0.48
1.09242	150	102	0.48
1.09251	150	102	0.48
1.09261	150	102	0.48
1.09271	150	102	0.48
1.09281	150	102	0.48
1.0929	150	102	0.48
1.09299	150	102	0.48
1.0931	150	102	0.48
1.09319	150	102	0.48
1.09329	150	102	0.48
1.09338	150	102	0.48
1.09347	150	102	0.48
1.09356	150	102	0.48
1.09365	150	102	0.48
1.09375	150	102	0.48
1.09384	150	102	0.48
1.09393	150	102	0.48
1.09402	150	102	0.48
1.09412	150	102	0.48
1.09421	150	102	0.48
1.0943	150	102	0.48
1.09439	150	102	0.48
1.09448	150	102	0.48
1.09458	150	102	0.48
1.09467	150	102	0.48
1.09476	150	102	0.48
1.09485	150	102	0.48
1.09494	150	102	0.48
1.09504	150	102	0.48
1.09513	150	102	0.48
1.09522	150	102	0.48
1.09531	150	102	0.48
1.09541	150	102	0.48
1.0955	150	102	0.48
1.09559	150	102	0.48
1.09568	150	102	0.48
1.09578	150	102	0.48
1.09587	150	102	0.48
1.09596	150	102	0.48
1.09605	150	102	0.48
1.09614	150	102	0.48
1.09624	150	103	0.47
1.09633	150	103	0.47
1.09642	150	102	0.48
1.09652	150	102	0.48
1.09661	150	102	0.48
1.0967	150	103	0.47
1.09679	150	102	0.48
1.09688	150	102	0.48
1.09698	150	102	0.48
1.09707	150	103	0.47
1.09716	150	99	0.51
1.09725	150	102	0.48
1.09734	150	102	0.48
1.09744	150	102	0.48
1.09753	150	103	0.47
1.09762	150	103	0.47
1.09771	150	102	0.48
1.09781	150	102	0.48
1.0979	150	102	0.48
1.09799	150	100	0.5
1.09808	150	102	0.48
1.09817	150	102	0.48
1.09827	150	102	0.48
1.09836	150	102	0.48
1.09845	150	102	0.48
1.09854	150	102	0.48
1.09864	150	102	0.48
1.09873	150	102	0.48
1.09882	150	102	0.48
1.09891	150	102	0.48
1.099	150	102	0.48
1.0991	150	102	0.48
1.09919	150	101	0.49
1.09928	150	103	0.47
1.09937	150	100	0.5
1.09946	150	102	0.48
1.09956	150	102	0.48
1.09965	150	102	0.48
1.09974	150	102	0.48
1.09983	150	102	0.48
1.09993	150	102	0.48
1.10002	150	102	0.48
1.10011	150	102	0.48
1.1002	150	102	0.48
1.10029	150	102	0.48
1.10039	150	102	0.48
1.10048	150	102	0.48
1.10057	150	102	0.48
1.10066	150	102	0.48
1.10076	150	102	0.48
1.10085	150	102	0.48
1.10094	150	102	0.48
1.10103	150	98	0.52
1.10113	150	108	0.42
1.10122	150	102	0.48
1.10131	150	102	0.48
1.1014	150	105	0.45
1.10149	150	101	0.49
1.10159	150	102	0.48
1.10168	150	102	0.48
1.10177	150	102	0.48
1.10186	150	102	0.48
1.10196	150	102	0.48
1.10205	150	102	0.48
1.10214	150	102	0.48
1.10223	150	102	0.48
1.10232	150	102	0.48
1.10241	150	102	0.48
1.10251	150	102	0.48
1.1026	150	102	0.48
1.1027	150	102	0.48
1.10279	150	102	0.48
1.10289	150	102	0.48
1.10298	150	102	0.48
1.10307	150	102	0.48
1.10316	150	102	0.48
1.10326	150	102	0.48
1.10335	150	102	0.48
1.10344	150	102	0.48
1.10353	150	102	0.48
1.10362	150	102	0.48
1.10372	150	102	0.48
1.10381	150	102	0.48
1.1039	150	102	0.48
1.10399	150	102	0.48
1.10409	150	102	0.48
1.10418	150	103	0.47
1.10427	150	102	0.48
1.10436	150	102	0.48
1.10445	150	101	0.49
1.10455	150	102	0.48
1.10464	150	102	0.48
1.10473	150	102	0.48
1.10482	150	103	0.47
1.10491	150	102	0.48
1.10501	150	102	0.48
1.1051	150	101	0.49
1.10519	150	102	0.48
1.10528	150	103	0.47
1.10538	150	102	0.48
1.10547	150	102	0.48
1.10556	150	102	0.48
1.10565	150	102	0.48
1.10574	150	102	0.48
1.10584	150	102	0.48
1.10593	150	102	0.48
1.10602	150	101	0.49
1.10611	150	102	0.48
1.1062	150	102	0.48
1.1063	150	102	0.48
1.10639	150	103	0.47
1.10648	150	102	0.48
1.10657	150	102	0.48
1.10667	150	102	0.48
1.10676	150	101	0.49
1.10685	150	102	0.48
1.10694	150	102	0.48
1.10703	150	102	0.48
1.10713	150	102	0.48
1.10722	150	103	0.47
1.10731	150	102	0.48
1.1074	150	102	0.48
1.1075	150	102	0.48
1.10759	150	102	0.48
1.10768	150	102	0.48
1.10777	150	102	0.48
1.10786	150	102	0.48
1.10796	150	102	0.48
1.10805	150	101	0.49
1.10814	150	102	0.48
1.10823	150	102	0.48
1.10832	150	102	0.48
1.10842	150	102	0.48
1.10851	150	102	0.48
1.1086	150	102	0.48
1.10869	150	102	0.48
1.10878	150	102	0.48
1.10888	150	101	0.49
1.10897	150	101	0.49
1.10906	150	102	0.48
1.10915	150	102	0.48
1.10925	150	102	0.48
1.10934	150	101	0.49
1.10943	150	102	0.48
1.10952	150	102	0.48
1.10962	150	102	0.48
1.10971	150	102	0.48
1.1098	150	102	0.48
1.10989	150	102	0.48
1.10998	150	102	0.48
1.11008	150	102	0.48
1.11017	150	102	0.48
1.11026	150	104	0.46
1.11035	150	102	0.48
1.11044	150	102	0.48
1.11054	150	102	0.48
1.11063	150	103	0.47
1.11072	150	102	0.48
1.11081	150	102	0.48
1.11091	150	102	0.48
1.111	150	103	0.47
1.11109	150	104	0.46
1.11119	150	108	0.42
1.11129	150	102	0.48
1.11138	150	102	0.48
1.11147	150	101	0.49
1.11156	150	104	0.46
1.11166	150	100	0.5
1.11175	150	102	0.48
1.11184	150	102	0.48
1.11193	150	102	0.48
1.11203	150	102	0.48
1.11212	150	102	0.48
1.11221	150	102	0.48
1.1123	150	102	0.48
1.11239	150	102	0.48
1.11249	150	102	0.48
1.11258	150	102	0.48
1.11267	150	102	0.48
1.11278	150	102	0.48
1.11287	150	102	0.48
1.11297	150	102	0.48
1.11306	150	102	0.48
1.11315	150	102	0.48
1.11324	150	102	0.48
1.11333	150	102	0.48
1.11343	150	102	0.48
1.11352	150	102	0.48
1.11361	150	102	0.48
1.1137	150	102	0.48
1.1138	150	102	0.48
1.11389	150	102	0.48
1.11398	150	102	0.48
1.11407	150	102	0.48
1.11416	150	102	0.48
1.11426	150	102	0.48
1.11435	150	102	0.48
1.11444	150	102	0.48
1.11453	150	102	0.48
1.11462	150	102	0.48
1.11472	150	102	0.48
1.11481	150	102	0.48
1.1149	150	102	0.48
1.11499	150	102	0.48
1.11509	150	102	0.48
1.11518	150	102	0.48
1.11527	150	102	0.48
1.11536	150	102	0.48
1.11545	150	102	0.48
1.11555	150	102	0.48
1.11564	150	102	0.48
1.11573	150	102	0.48
1.11582	150	102	0.48
1.11592	150	102	0.48
1.11601	150	101	0.49
1.1161	150	102	0.48
1.11619	150	102	0.48
1.11629	150	102	0.48
1.11638	150	103	0.47
1.11647	150	103	0.47
1.11656	150	102	0.48
1.11665	150	102	0.48
1.11675	150	102	0.48
1.11684	150	101	0.49
1.11693	150	104	0.46
1.11702	150	102	0.48
1.11712	150	102	0.48
1.11721	150	102	0.48
1.1173	150	101	0.49
1.11739	150	102	0.48
1.11748	150	102	0.48
1.11758	150	102	0.48
1.11767	150	102	0.48
1.11776	150	103	0.47
1.11785	150	103	0.47
1.11794	150	102	0.48
1.11804	150	102	0.48
1.11813	150	102	0.48
1.11822	150	103	0.47
1.11831	150	102	0.48
1.11841	150	102	0.48
1.1185	150	102	0.48
1.11859	150	102	0.48
1.11868	150	103	0.47
1.11877	150	102	0.48
1.11887	150	102	0.48
1.11896	150	102	0.48
1.11905	150	102	0.48
1.11914	150	102	0.48
1.11924	150	102	0.48
1.11933	150	102	0.48
1.11942	150	102	0.48
1.11951	150	103	0.47
1.1196	150	102	0.48
1.1197	150	102	0.48
1.11979	150	102	0.48
1.11988	150	102	0.48
1.11997	150	102	0.48
1.12007	150	102	0.48
1.12016	150	102	0.48
1.12025	150	102	0.48
1.12034	150	102	0.48
1.12044	150	103	0.47
1.12053	150	102	0.48
1.12062	150	102	0.48
1.12071	150	102	0.48
1.1208	150	104	0.46
1.1209	150	102	0.48
1.12099	150	102	0.48
1.12108	150	102	0.48
1.12117	150	100	0.5
1.12127	150	101	0.49
1.12136	150	102	0.48
1.12145	150	102	0.48
1.12154	150	102	0.48
1.12164	150	101	0.49
1.12173	150	102	0.48
1.12182	150	102	0.48
1.12191	150	103	0.47
1.12201	150	102	0.48
1.1221	150	102	0.48
1.12219	150	102	0.48
1.12228	150	102	0.48
1.12238	150	102	0.48
1.12247	150	102	0.48
1.12256	150	103	0.47
1.12265	150	102	0.48
1.12276	150	103	0.47
1.12285	150	102	0.48
1.12295	150	102	0.48
1.12304	150	102	0.48
1.12313	150	102	0.48
1.12322	150	102	0.48
1.12331	150	102	0.48
1.12341	150	103	0.47
1.1235	150	102	0.48
1.12359	150	102	0.48
1.12369	150	102	0.48
1.12378	150	102	0.48
1.12387	150	102	0.48
1.12396	150	102	0.48
1.12405	150	102	0.48
1.12415	150	102	0.48
1.12424	150	102	0.48
1.12433	150	102	0.48
1.12442	150	102	0.48
1.12452	150	102	0.48
1.12461	150	102	0.48
1.1247	150	102	0.48
1.12479	150	102	0.48
1.12489	150	102	0.48
1.12498	150	102	0.48
1.12507	150	102	0.48
1.12516	150	102	0.48
1.12525	150	102	0.48
1.12535	150	102	0.48
1.12544	150	102	0.48
1.12553	150	102	0.48
1.12562	150	102	0.48
1.12571	150	102	0.48
1.12581	150	102	0.48
1.1259	150	102	0.48
1.12599	150	102	0.48
1.12608	150	102	0.48
1.12618	150	103	0.47
1.12627	150	103	0.47
1.12636	150	102	0.48
1.12645	150	102	0.48
1.12655	150	103	0.47
1.12664	150	103	0.47
1.12673	150	102	0.48
1.12682	150	102	0.48
1.12691	150	102	0.48
1.12701	150	102	0.48
1.1271	150	102	0.48
1.12719	150	102	0.48
1.12728	150	102	0.48
1.12737	150	102	0.48
1.12747	150	100	0.5
1.12756	150	102	0.48
1.12765	150	102	0.48
1.12774	150	102	0.48
1.12784	150	102	0.48
1.12793	150	102	0.48
1.12802	150	102	0.48
1.12811	150	102	0.48
1.12821	150	102	0.48
1.1283	150	101	0.49
1.12839	150	100	0.5
1.12848	150	102	0.48
1.12857	150	102	0.48
1.12867	150	103	0.47
1.12876	150	103	0.47
1.12885	150	103	0.47
1.12894	150	102	0.48
1.12903	150	102	0.48
1.12913	150	102	0.48
1.12922	150	103	0.47
1.12932	150	103	0.47
1.12942	150	102	0.48
