Time	Goal	In	Out
1.00075	250	3	2.47
1.00109	250	3	2.47
1.00127	250	4	2.46
1.00146	250	6	2.44
1.00164	250	8	2.42
1.00182	250	10	2.4
1.002	250	12	2.38
1.00218	250	14	2.36
1.00236	250	15	2.35
1.00254	250	17	2.33
1.00272	250	19	2.31
1.0029	250	21	2.29
1.00308	250	23	2.27
1.00326	250	25	2.25
1.00344	250	26	2.24
1.00362	250	28	2.22
1.0038	250	30	2.2
1.00398	250	32	2.18
1.00416	250	34	2.16
1.00434	250	35	2.15
1.00452	250	37	2.13
1.00469	250	39	2.11
1.00487	250	41	2.09
1.00505	250	41	2.09
1.00523	250	44	2.06
1.00541	250	45	2.05
1.00559	250	47	2.03
1.00577	250	48	2.02
1.00595	250	50	2
1.00613	250	51	1.99
1.00631	250	53	1.97
1.00649	250	55	1.95
1.00667	250	56	1.94
1.00685	250	58	1.92
1.00702	250	61	1.89
1.0072	250	60	1.9
1.00738	250	62	1.88
1.00756	250	63	1.87
1.00774	250	64	1.86
1.00797	250	66	1.84
1.00816	250	68	1.82
1.00834	250	69	1.81
1.00852	250	70	1.8
1.0087	250	71	1.79
1.00888	250	73	1.77
1.00905	250	74	1.76
1.00923	250	75	1.75
1.00941	250	76	1.74
1.00959	250	76	1.74
1.00977	250	77	1.73
1.00995	250	80	1.7
1.01013	250	80	1.7
1.01031	250	82	1.68
1.01049	250	83	1.67
1.01067	250	84	1.66
1.01085	250	85	1.65
1.01102	250	86	1.64
1.0112	250	88	1.62
1.01138	250	88	1.62
1.01156	250	90	1.6
1.01174	250	91	1.59
1.01192	250	92	1.58
1.01209	250	93	1.57
1.01227	250	94	1.56
1.01245	250	95	1.55
1.01263	250	96	1.54
1.01281	250	97	1.53
1.01299	250	97	1.53
1.01317	250	98	1.52
1.01335	250	99	1.51
1.01352	250	100	1.5
1.01371	250	101	1.49
1.01388	250	102	1.48
1.01406	250	103	1.47
1.01424	250	104	1.46
1.01442	250	104	1.46
1.0146	250	105	1.45
1.01478	250	106	1.44
1.01496	250	107	1.43
1.01514	250	108	1.42
1.01532	250	109	1.41
1.01549	250	109	1.41
1.01567	250	110	1.4
1.01585	250	111	1.39
1.01603	250	110	1.4
1.01621	250	113	1.37
1.01639	250	112	1.38
1.01657	250	115	1.35
1.01674	250	115	1.35
1.01693	250	116	1.34
1.0171	250	116	1.34
1.01728	250	116	1.34
1.01746	250	117	1.33
1.01764	250	118	1.32
1.01783	250	119	1.31
1.01802	250	119	1.31
1.0182	250	120	1.3
1.01838	250	121	1.29
1.01856	250	122	1.28
1.01874	250	122	1.28
1.01892	250	123	1.27
1.0191	250	123	1.27
1.01928	250	124	1.26
1.01945	250	124	1.26
1.01963	250	125	1.25
1.01981	250	126	1.24
1.01999	250	126	1.24
1.02017	250	127	1.23
1.02035	250	127	1.23
1.02053	250	128	1.22
1.02071	250	128	1.22
1.02088	250	129	1.21
1.02106	250	129	1.21
1.02124	250	130	1.2
1.02142	250	130	1.2
1.0216	250	131	1.19
1.02178	250	131	1.19
1.02196	250	132	1.18
1.02214	250	132	1.18
1.02232	250	132	1.18
1.02249	250	133	1.17
1.02267	250	134	1.16
1.02285	250	134	1.16
1.02303	250	135	1.15
1.02321	250	135	1.15
1.02339	250	135	1.15
1.02357	250	136	1.14
1.02375	250	136	1.14
1.02393	250	136	1.14
1.0241	250	137	1.13
1.02428	250	138	1.12
1.02446	250	137	1.13
1.02464	250	138	1.12
1.02482	250	139	1.11
1.025	250	139	1.11
1.02518	250	139	1.11
1.02536	250	140	1.1
1.02554	250	141	1.09
1.02571	250	141	1.09
1.02589	250	142	1.08
1.02607	250	143	1.07
1.02625	250	142	1.08
1.02645	250	142	1.08
1.02663	250	141	1.09
1.02681	250	143	1.07
1.02699	250	143	1.07
1.02717	250	143	1.07
1.02735	250	144	1.06
1.02753	250	144	1.06
1.02771	250	145	1.05
1.02791	250	145	1.05
1.0281	250	145	1.05
1.02827	250	146	1.04
1.02845	250	146	1.04
1.02863	250	146	1.04
1.02881	250	146	1.04
1.02899	250	147	1.03
1.02917	250	147	1.03
1.02935	250	147	1.03
1.02953	250	148	1.02
1.02971	250	148	1.02
1.02989	250	148	1.02
1.03007	250	148	1.02
1.03024	250	148	1.02
1.03042	250	149	1.01
1.0306	250	149	1.01
1.03078	250	149	1.01
1.03096	250	150	1
1.03114	250	150	1
1.03132	250	150	1
1.0315	250	150	1
1.03168	250	151	0.99
1.03186	250	151	0.99
1.03204	250	151	0.99
1.03222	250	152	0.98
1.0324	250	152	0.98
1.03258	250	152	0.98
1.03276	250	152	0.98
1.03294	250	152	0.98
1.03312	250	153	0.97
1.0333	250	153	0.97
1.03348	250	153	0.97
1.03366	250	153	0.97
1.03384	250	153	0.97
1.03402	250	153	0.97
1.0342	250	154	0.96
1.03438	250	154	0.96
1.03456	250	154	0.96
1.03474	250	154	0.96
1.03492	250	155	0.95
1.0351	250	155	0.95
1.03528	250	155	0.95
1.03546	250	155	0.95
1.03564	250	155	0.95
1.03582	250	156	0.94
1.036	250	156	0.94
1.03618	250	156	0.94
1.03636	250	156	0.94
1.03654	250	155	0.95
1.03672	250	156	0.94
1.0369	250	157	0.93
1.03711	250	157	0.93
1.03729	250	156	0.94
1.03747	250	158	0.92
1.03765	250	158	0.92
1.03785	250	158	0.92
1.03804	250	158	0.92
1.03822	250	158	0.92
1.0384	250	158	0.92
1.03858	250	160	0.9
1.03876	250	158	0.92
1.03894	250	158	0.92
1.03912	250	158	0.92
1.0393	250	159	0.91
1.03948	250	159	0.91
1.03966	250	159	0.91
1.03984	250	159	0.91
1.04002	250	161	0.89
1.0402	250	159	0.91
1.04038	250	159	0.91
1.04056	250	160	0.9
1.04074	250	160	0.9
1.04092	250	160	0.9
1.0411	250	159	0.91
1.04128	250	160	0.9
1.04146	250	161	0.89
1.04164	250	161	0.89
1.04182	250	160	0.9
1.042	250	160	0.9
1.04218	250	162	0.88
1.04235	250	161	0.89
1.04253	250	161	0.89
1.04272	250	161	0.89
1.0429	250	162	0.88
1.04307	250	161	0.89
1.04325	250	161	0.89
1.04343	250	161	0.89
1.04361	250	162	0.88
1.04379	250	162	0.88
1.04397	250	162	0.88
1.04415	250	162	0.88
1.04433	250	162	0.88
1.04451	250	162	0.88
1.04469	250	162	0.88
1.04487	250	162	0.88
1.04505	250	163	0.87
1.04523	250	163	0.87
1.04541	250	163	0.87
1.04559	250	164	0.86
1.04577	250	162	0.88
1.04595	250	163	0.87
1.04613	250	161	0.89
1.04631	250	162	0.88
1.04649	250	165	0.85
1.04667	250	163	0.87
1.04685	250	163	0.87
1.04703	250	164	0.86
1.04721	250	163	0.87
1.04739	250	164	0.86
1.04757	250	164	0.86
1.04775	250	164	0.86
1.04795	250	163	0.87
1.04814	250	164	0.86
1.04832	250	164	0.86
1.0485	250	164	0.86
1.04868	250	164	0.86
1.04886	250	164	0.86
1.04904	250	164	0.86
1.04922	250	164	0.86
1.0494	250	165	0.85
1.04958	250	165	0.85
1.04976	250	163	0.87
1.04994	250	165	0.85
1.05013	250	165	0.85
1.05031	250	165	0.85
1.05049	250	165	0.85
1.05067	250	165	0.85
1.05085	250	165	0.85
1.05103	250	165	0.85
1.05121	250	165	0.85
1.05139	250	165	0.85
1.05157	250	165	0.85
1.05175	250	165	0.85
1.05193	250	165	0.85
1.05211	250	165	0.85
1.05229	250	166	0.84
1.05247	250	166	0.84
1.05265	250	166	0.84
1.05283	250	166	0.84
1.05301	250	166	0.84
1.05319	250	166	0.84
1.05337	250	166	0.84
1.05355	250	166	0.84
1.05373	250	166	0.84
1.05391	250	166	0.84
1.05409	250	166	0.84
1.05427	250	166	0.84
1.05445	250	166	0.84
1.05463	250	166	0.84
1.05481	250	166	0.84
1.05499	250	167	0.83
1.05517	250	166	0.84
1.05535	250	166	0.84
1.05553	250	166	0.84
1.05571	250	167	0.83
1.05589	250	167	0.83
1.05607	250	167	0.83
1.05625	250	167	0.83
1.05643	250	165	0.85
1.05661	250	166	0.84
1.05679	250	167	0.83
1.05697	250	167	0.83
1.05715	250	164	0.86
1.05732	250	167	0.83
1.0575	250	167	0.83
1.05769	250	167	0.83
1.05789	250	167	0.83
1.05808	250	166	0.84
1.05826	250	166	0.84
1.05844	250	167	0.83
1.05862	250	166	0.84
1.0588	250	167	0.83
1.05898	250	167	0.83
1.05916	250	166	0.84
1.05934	250	168	0.82
1.05952	250	167	0.83
1.0597	250	167	0.83
1.05988	250	164	0.86
1.06006	250	169	0.81
1.06024	250	166	0.84
1.06041	250	168	0.82
1.06059	250	167	0.83
1.06077	250	167	0.83
1.06095	250	168	0.82
1.06113	250	168	0.82
1.06131	250	168	0.82
1.06149	250	168	0.82
1.06167	250	168	0.82
1.06185	250	168	0.82
1.06203	250	168	0.82
1.06221	250	168	0.82
1.06239	250	168	0.82
1.06257	250	168	0.82
1.06274	250	168	0.82
1.06293	250	168	0.82
1.06311	250	168	0.82
1.06328	250	168	0.82
1.06346	250	168	0.82
1.06364	250	168	0.82
1.06382	250	168	0.82
1.064	250	168	0.82
1.06418	250	168	0.82
1.06436	250	168	0.82
1.06454	250	168	0.82
1.06472	250	168	0.82
1.0649	250	168	0.82
1.06508	250	165	0.85
1.06526	250	169	0.81
1.06544	250	167	0.83
1.06562	250	169	0.81
1.0658	250	168	0.82
1.06598	250	168	0.82
1.06616	250	168	0.82
1.06634	250	168	0.82
1.06652	250	168	0.82
1.0667	250	169	0.81
1.06688	250	168	0.82
1.06706	250	168	0.82
1.06724	250	168	0.82
1.06742	250	169	0.81
1.0676	250	170	0.8
1.06778	250	168	0.82
1.06799	250	169	0.81
1.06817	250	169	0.81
1.06835	250	169	0.81
1.06853	250	168	0.82
1.06871	250	169	0.81
1.06889	250	169	0.81
1.06907	250	169	0.81
1.06925	250	169	0.81
1.06944	250	169	0.81
1.06961	250	169	0.81
1.06979	250	169	0.81
1.06997	250	169	0.81
1.07015	250	169	0.81
1.07033	250	169	0.81
1.07051	250	169	0.81
1.07069	250	169	0.81
1.07087	250	169	0.81
1.07105	250	169	0.81
1.07123	250	169	0.81
1.07141	250	169	0.81
1.07159	250	169	0.81
1.07177	250	169	0.81
1.07195	250	169	0.81
1.07213	250	169	0.81
1.07231	250	169	0.81
1.07251	250	169	0.81
1.07269	250	169	0.81
1.07287	250	169	0.81
1.07305	250	169	0.81
1.07323	250	169	0.81
1.07341	250	169	0.81
1.07359	250	169	0.81
1.07377	250	169	0.81
1.07395	250	169	0.81
1.07413	250	169	0.81
1.07431	250	169	0.81
1.07449	250	169	0.81
1.07467	250	169	0.81
1.07485	250	169	0.81
1.07503	250	173	0.77
1.07521	250	168	0.82
1.07539	250	171	0.79
1.07557	250	170	0.8
1.07575	250	168	0.82
1.07593	250	169	0.81
1.07611	250	169	0.81
1.07629	250	169	0.81
1.07647	250	169	0.81
1.07665	250	169	0.81
1.07683	250	169	0.81
1.07701	250	169	0.81
1.07719	250	169	0.81
1.07737	250	168	0.82
1.07754	250	169	0.81
1.07772	250	172	0.78
1.07793	250	168	0.82
1.07812	250	168	0.82
1.0783	250	169	0.81
1.07848	250	169	0.81
1.07866	250	169	0.81
1.07884	250	169	0.81
1.07902	250	170	0.8
1.0792	250	169	0.81
1.07938	250	169	0.81
1.07956	250	169	0.81
1.07974	250	171	0.79
1.07992	250	172	0.78
1.0801	250	168	0.82
1.08028	250	169	0.81
1.08046	250	168	0.82
1.08063	250	168	0.82
1.08081	250	170	0.8
1.08099	250	170	0.8
1.08118	250	170	0.8
1.08135	250	169	0.81
1.08153	250	169	0.81
1.08171	250	170	0.8
1.08189	250	170	0.8
1.08207	250	169	0.81
1.08225	250	169	0.81
1.08243	250	169	0.81
1.08261	250	170	0.8
1.08279	250	170	0.8
1.08297	250	169	0.81
1.08315	250	169	0.81
1.08333	250	170	0.8
1.08351	250	169	0.81
1.08369	250	170	0.8
1.08387	250	170	0.8
1.08405	250	170	0.8
1.08423	250	170	0.8
1.08441	250	170	0.8
1.08459	250	170	0.8
1.08477	250	170	0.8
1.08494	250	170	0.8
1.08512	250	170	0.8
1.0853	250	170	0.8
1.08548	250	170	0.8
1.08566	250	170	0.8
1.08584	250	169	0.81
1.08602	250	168	0.82
1.0862	250	171	0.79
1.08638	250	170	0.8
1.08656	250	170	0.8
1.08674	250	170	0.8
1.08691	250	170	0.8
1.08709	250	170	0.8
1.08727	250	170	0.8
1.08745	250	170	0.8
1.08763	250	170	0.8
1.08783	250	170	0.8
1.08802	250	169	0.81
1.0882	250	170	0.8
1.08838	250	170	0.8
1.08856	250	170	0.8
1.08874	250	170	0.8
1.08892	250	170	0.8
1.0891	250	170	0.8
1.08927	250	170	0.8
1.08945	250	170	0.8
1.08963	250	170	0.8
1.08981	250	170	0.8
1.08999	250	173	0.77
1.09017	250	172	0.78
1.09035	250	170	0.8
1.09053	250	164	0.86
1.09071	250	171	0.79
1.09089	250	170	0.8
1.09107	250	170	0.8
1.09125	250	170	0.8
1.09143	250	170	0.8
1.09161	250	170	0.8
1.09179	250	170	0.8
1.09197	250	170	0.8
1.09215	250	170	0.8
1.09233	250	170	0.8
1.09251	250	170	0.8
1.09268	250	170	0.8
1.09286	250	170	0.8
1.09304	250	170	0.8
1.09322	250	170	0.8
1.0934	250	170	0.8
1.09358	250	170	0.8
1.09376	250	170	0.8
1.09394	250	170	0.8
1.09412	250	170	0.8
1.0943	250	170	0.8
1.09447	250	170	0.8
1.09465	250	170	0.8
1.09483	250	170	0.8
1.09501	250	170	0.8
1.09519	250	170	0.8
1.09537	250	170	0.8
1.09555	250	170	0.8
1.09573	250	170	0.8
1.09591	250	169	0.81
1.09609	250	169	0.81
1.09627	250	170	0.8
1.09645	250	169	0.81
1.09663	250	171	0.79
1.09681	250	170	0.8
1.09699	250	170	0.8
1.09717	250	169	0.81
1.09735	250	169	0.81
1.09753	250	171	0.79
1.09771	250	170	0.8
1.09791	250	170	0.8
1.0981	250	170	0.8
1.09834	250	169	0.81
1.09852	250	171	0.79
1.0987	250	170	0.8
1.09888	250	169	0.81
1.09906	250	170	0.8
1.09924	250	170	0.8
1.09943	250	170	0.8
1.09961	250	170	0.8
1.09978	250	170	0.8
1.09996	250	170	0.8
1.10014	250	170	0.8
1.10032	250	170	0.8
1.1005	250	173	0.77
1.10068	250	168	0.82
1.10086	250	170	0.8
1.10104	250	170	0.8
1.10122	250	170	0.8
1.1014	250	170	0.8
1.10158	250	170	0.8
1.10176	250	170	0.8
1.10194	250	170	0.8
1.10211	250	170	0.8
1.10229	250	170	0.8
1.10247	250	170	0.8
1.10263	250	170	0.8
1.10272	250	170	0.8
1.10281	250	170	0.8
1.10291	250	170	0.8
1.10301	250	170	0.8
1.1031	250	170	0.8
1.1032	250	170	0.8
1.10329	250	170	0.8
1.10338	250	170	0.8
1.10347	250	170	0.8
1.10356	250	170	0.8
1.10365	250	170	0.8
1.10374	250	170	0.8
1.10383	250	170	0.8
1.10393	250	170	0.8
1.10402	250	170	0.8
1.10411	250	170	0.8
1.1042	250	170	0.8
1.10429	250	170	0.8
1.10438	250	170	0.8
1.10447	250	170	0.8
1.10456	250	170	0.8
1.10466	250	170	0.8
1.10475	250	170	0.8
1.10484	250	170	0.8
1.10493	250	169	0.81
1.10502	250	171	0.79
1.10511	250	170	0.8
1.1052	250	170	0.8
1.1053	250	170	0.8
1.10539	250	171	0.79
1.10548	250	170	0.8
1.10557	250	170	0.8
1.10566	250	170	0.8
1.10575	250	169	0.81
1.10586	250	171	0.79
1.10595	250	171	0.79
1.10604	250	170	0.8
1.10613	250	170	0.8
1.10623	250	170	0.8
1.10632	250	168	0.82
1.10641	250	170	0.8
1.1065	250	170	0.8
1.10659	250	170	0.8
1.10668	250	169	0.81
1.10677	250	171	0.79
1.10687	250	170	0.8
1.10696	250	170	0.8
1.10705	250	171	0.79
1.10714	250	170	0.8
1.10723	250	170	0.8
1.10732	250	170	0.8
1.10741	250	170	0.8
1.1075	250	172	0.78
1.1076	250	170	0.8
1.10769	250	170	0.8
1.10778	250	170	0.8
1.10788	250	170	0.8
1.10798	250	170	0.8
1.10807	250	171	0.79
1.10816	250	170	0.8
1.10825	250	170	0.8
1.10834	250	171	0.79
1.10843	250	170	0.8
1.10853	250	170	0.8
1.10862	250	170	0.8
1.10871	250	170	0.8
1.1088	250	170	0.8
1.10889	250	171	0.79
1.10898	250	170	0.8
1.10907	250	170	0.8
1.10917	250	170	0.8
1.10926	250	170	0.8
1.10935	250	168	0.82
1.10944	250	170	0.8
1.10953	250	170	0.8
1.10962	250	173	0.77
1.10971	250	170	0.8
1.1098	250	170	0.8
1.1099	250	169	0.81
1.10999	250	168	0.82
1.11008	250	170	0.8
1.11017	250	170	0.8
1.11026	250	170	0.8
1.11035	250	167	0.83
1.11044	250	167	0.83
1.11053	250	170	0.8
1.11063	250	171	0.79
1.11072	250	170	0.8
1.11081	250	170	0.8
1.1109	250	170	0.8
1.11099	250	170	0.8
1.11108	250	170	0.8
1.11117	250	170	0.8
1.11127	250	170	0.8
1.11136	250	170	0.8
1.11145	250	170	0.8
1.11154	250	170	0.8
1.11163	250	170	0.8
1.11172	250	170	0.8
1.11181	250	170	0.8
1.1119	250	170	0.8
1.11199	250	170	0.8
1.11209	250	170	0.8
1.11218	250	170	0.8
1.11227	250	170	0.8
1.11236	250	170	0.8
1.11245	250	170	0.8
1.11254	250	170	0.8
1.11263	250	170	0.8
1.11273	250	170	0.8
1.11282	250	170	0.8
1.11291	250	170	0.8
1.113	250	170	0.8
1.11309	250	170	0.8
1.11318	250	170	0.8
1.11327	250	170	0.8
1.11336	250	171	0.79
1.11346	250	171	0.79
1.11355	250	170	0.8
1.11364	250	170	0.8
1.11373	250	169	0.81
1.11382	250	170	0.8
1.11391	250	171	0.79
1.114	250	170	0.8
1.11409	250	170	0.8
1.11419	250	169	0.81
1.11428	250	170	0.8
1.11437	250	170	0.8
1.11446	250	170	0.8
1.11455	250	171	0.79
1.11464	250	169	0.81
1.11474	250	170	0.8
1.11483	250	170	0.8
1.11492	250	170	0.8
1.11501	250	171	0.79
1.1151	250	171	0.79
1.11519	250	170	0.8
1.11528	250	170	0.8
1.11537	250	170	0.8
1.11547	250	170	0.8
1.11556	250	169	0.81
1.11565	250	169	0.81
1.11574	250	170	0.8
1.11583	250	170	0.8
1.11592	250	171	0.79
1.11601	250	170	0.8
1.1161	250	170	0.8
1.1162	250	170	0.8
1.11629	250	171	0.79
1.11638	250	170	0.8
1.11647	250	170	0.8
1.11656	250	170	0.8
1.11665	250	171	0.79
1.11674	250	171	0.79
1.11684	250	170	0.8
1.11693	250	170	0.8
1.11702	250	170	0.8
1.11711	250	171	0.79
1.1172	250	170	0.8
1.11729	250	170	0.8
1.11738	250	170	0.8
1.11747	250	172	0.78
1.11756	250	170	0.8
1.11766	250	170	0.8
1.11775	250	170	0.8
1.11785	250	170	0.8
1.11795	250	170	0.8
1.11804	250	169	0.81
1.11813	250	169	0.81
1.11822	250	170	0.8
1.11831	250	171	0.79
1.1184	250	171	0.79
1.1185	250	171	0.79
1.11859	250	170	0.8
1.11868	250	170	0.8
1.11877	250	170	0.8
1.11886	250	170	0.8
1.11895	250	171	0.79
1.11905	250	170	0.8
1.11914	250	170	0.8
1.11923	250	170	0.8
1.11932	250	170	0.8
1.11941	250	170	0.8
1.1195	250	170	0.8
1.11959	250	170	0.8
1.11968	250	172	0.78
1.11978	250	170	0.8
1.11987	250	170	0.8
1.11996	250	170	0.8
1.12005	250	170	0.8
1.12014	250	170	0.8
1.12023	250	170	0.8
1.12032	250	170	0.8
1.12042	250	168	0.82
1.12051	250	170	0.8
1.1206	250	171	0.79
1.12069	250	170	0.8
1.12078	250	170	0.8
1.12087	250	171	0.79
1.12096	250	170	0.8
1.12105	250	170	0.8
1.12114	250	170	0.8
1.12124	250	170	0.8
1.12133	250	170	0.8
1.12142	250	170	0.8
1.12151	250	170	0.8
1.1216	250	170	0.8
1.12169	250	170	0.8
1.12178	250	170	0.8
1.12187	250	170	0.8
1.12196	250	170	0.8
1.12206	250	170	0.8
1.12215	250	170	0.8
1.12224	250	170	0.8
1.12233	250	170	0.8
1.12242	250	170	0.8
1.12251	250	170	0.8
1.1226	250	170	0.8
1.12269	250	170	0.8
1.12279	250	170	0.8
1.12288	250	170	0.8
1.12297	250	170	0.8
1.12306	250	170	0.8
1.12315	250	170	0.8
1.12324	250	170	0.8
1.12334	250	170	0.8
1.12343	250	170	0.8
1.12352	250	170	0.8
1.12361	250	170	0.8
1.1237	250	170	0.8
1.12379	250	170	0.8
1.12388	250	170	0.8
1.12397	250	170	0.8
1.12406	250	170	0.8
1.12415	250	170	0.8
1.12425	250	170	0.8
1.12434	250	170	0.8
1.12443	250	170	0.8
1.12453	250	170	0.8
1.12462	250	170	0.8
1.12471	250	170	0.8
1.12481	250	170	0.8
1.1249	250	170	0.8
1.12499	250	170	0.8
1.12508	250	171	0.79
1.12517	250	172	0.78
1.12526	250	170	0.8
1.12535	250	170	0.8
1.12545	250	170	0.8
1.12554	250	168	0.82
1.12563	250	170	0.8
1.12572	250	170	0.8
1.12581	250	170	0.8
1.1259	250	168	0.82
1.12599	250	170	0.8
1.12608	250	170	0.8
1.12617	250	171	0.79
1.12627	250	172	0.78
1.12636	250	170	0.8
1.12645	250	170	0.8
1.12654	250	170	0.8
1.12663	250	169	0.81
1.12672	250	170	0.8
1.12682	250	170	0.8
1.12691	250	170	0.8
1.127	250	169	0.81
1.12709	250	168	0.82
1.12718	250	168	0.82
1.12727	250	170	0.8
1.12736	250	170	0.8
1.12746	250	169	0.81
1.12755	250	170	0.8
1.12764	250	170	0.8
1.12773	250	170	0.8
1.12783	250	170	0.8
1.12793	250	170	0.8
1.12802	250	170	0.8
1.12811	250	170	0.8
1.1282	250	166	0.84
1.1283	250	170	0.8
1.12839	250	170	0.8
1.12848	250	170	0.8
1.12857	250	170	0.8
1.12866	250	170	0.8
1.12875	250	170	0.8
1.12885	250	170	0.8
1.12894	250	171	0.79
1.12903	250	170	0.8
1.12912	250	170	0.8
1.12921	250	170	0.8
1.1293	250	170	0.8
1.12939	250	170	0.8
1.12948	250	170	0.8
1.12957	250	170	0.8
1.12967	250	172	0.78
1.12976	250	174	0.76
1.12985	250	169	0.81
1.12994	250	170	0.8
1.13003	250	170	0.8
1.13012	250	167	0.83
1.13021	250	165	0.85
1.13031	250	170	0.8
1.1304	250	171	0.79
1.13049	250	168	0.82
1.13058	250	167	0.83
1.13067	250	170	0.8
1.13076	250	170	0.8
1.13085	250	170	0.8
1.13095	250	170	0.8
1.13104	250	170	0.8
1.13113	250	172	0.78
1.13122	250	170	0.8
1.13131	250	170	0.8
1.1314	250	170	0.8
1.13149	250	171	0.79
1.13159	250	171	0.79
1.13168	250	170	0.8
1.13177	250	170	0.8
1.13186	250	169	0.81
1.13195	250	171	0.79
1.13204	250	171	0.79
1.13213	250	170	0.8
1.13223	250	171	0.79
1.13232	250	170	0.8
1.13241	250	171	0.79
1.1325	250	170	0.8
1.13259	250	170	0.8
1.13268	250	170	0.8
1.13277	250	169	0.81
1.13286	250	170	0.8
1.13296	250	170	0.8
1.13305	250	170	0.8
1.13314	250	171	0.79
1.13323	250	170	0.8
1.13332	250	170	0.8
1.13341	250	170	0.8
1.1335	250	170	0.8
1.13359	250	170	0.8
1.13368	250	170	0.8
1.13378	250	170	0.8
1.13387	250	170	0.8
1.13396	250	170	0.8
1.13405	250	170	0.8
1.13414	250	170	0.8
1.13423	250	170	0.8
1.13433	250	170	0.8
1.13442	250	170	0.8
1.13451	250	170	0.8
1.1346	250	170	0.8
1.13469	250	170	0.8
1.13478	250	170	0.8
1.13487	250	170	0.8
1.13496	250	171	0.79
1.13506	250	170	0.8
1.13515	250	171	0.79
1.13524	250	170	0.8
1.13533	250	169	0.81
1.13542	250	170	0.8
1.13551	250	170	0.8
1.1356	250	170	0.8
1.13569	250	169	0.81
1.13579	250	169	0.81
1.13588	250	170	0.8
1.13597	250	170	0.8
1.13606	250	170	0.8
1.13615	250	170	0.8
1.13624	250	170	0.8
1.13633	250	170	0.8
1.13643	250	170	0.8
1.13652	250	170	0.8
1.13661	250	170	0.8
1.1367	250	170	0.8
1.13679	250	171	0.79
1.13688	250	170	0.8
1.13697	250	169	0.81
1.13706	250	170	0.8
1.13716	250	170	0.8
1.13725	250	171	0.79
1.13734	250	170	0.8
1.13743	250	170	0.8
1.13752	250	170	0.8
1.13761	250	170	0.8
1.1377	250	169	0.81
1.13781	250	171	0.79
1.1379	250	171	0.79
1.13799	250	170	0.8
1.13809	250	170	0.8
1.13818	250	171	0.79
1.13827	250	171	0.79
1.13836	250	170	0.8
1.13845	250	170	0.8
1.13854	250	170	0.8
1.13864	250	170	0.8
1.13873	250	170	0.8
1.13882	250	170	0.8
1.13891	250	170	0.8
1.139	250	170	0.8
1.13909	250	170	0.8
1.13918	250	170	0.8
1.13928	250	170	0.8
1.13937	250	170	0.8
1.13946	250	170	0.8
1.13955	250	171	0.79
1.13965	250	170	0.8
1.13974	250	170	0.8
1.13983	250	172	0.78
1.13992	250	172	0.78
1.14001	250	170	0.8
1.1401	250	170	0.8
1.14019	250	168	0.82
1.14028	250	169	0.81
1.14038	250	170	0.8
1.14047	250	170	0.8
1.14056	250	172	0.78
1.14065	250	172	0.78
1.14074	250	170	0.8
1.14083	250	170	0.8
1.14093	250	170	0.8
1.14102	250	170	0.8
1.14111	250	170	0.8
1.1412	250	170	0.8
1.14129	250	170	0.8
1.14138	250	170	0.8
1.14147	250	170	0.8
1.14156	250	170	0.8
1.14166	250	171	0.79
1.14175	250	170	0.8
1.14184	250	170	0.8
1.14193	250	170	0.8
1.14202	250	170	0.8
1.14211	250	170	0.8
1.14221	250	170	0.8
1.1423	250	170	0.8
1.14239	250	170	0.8
1.14248	250	170	0.8
