Time	Goal	In	Out
1.00062	500	2	4.98
1.00094	500	3	4.97
1.00112	500	6	4.94
1.00131	500	11	4.89
1.00149	500	15	4.85
1.00167	500	18	4.82
1.00185	500	22	4.78
1.00202	500	26	4.74
1.0022	500	30	4.7
1.00238	500	34	4.66
1.00256	500	38	4.62
1.00274	500	41	4.59
1.00292	500	47	4.53
1.00309	500	47	4.53
1.00327	500	52	4.48
1.00345	500	55	4.45
1.00363	500	60	4.4
1.00381	500	63	4.37
1.00399	500	68	4.32
1.00416	500	71	4.29
1.00434	500	74	4.26
1.00463	500	79	4.21
1.00481	500	83	4.17
1.00499	500	86	4.14
1.0052	500	89	4.11
1.00538	500	93	4.07
1.00558	500	96	4.04
1.00576	500	100	4
1.00594	500	103	3.97
1.00612	500	106	3.94
1.0063	500	109	3.91
1.00647	500	112	3.88
1.00665	500	115	3.85
1.00683	500	118	3.82
1.00701	500	120	3.8
1.00719	500	123	3.77
1.00736	500	126	3.74
1.00754	500	128	3.72
1.00772	500	131	3.69
1.0079	500	134	3.66
1.00808	500	136	3.64
1.00825	500	139	3.61
1.00843	500	142	3.58
1.00861	500	144	3.56
1.00879	500	147	3.53
1.00897	500	149	3.51
1.00914	500	151	3.49
1.00932	500	153	3.47
1.0095	500	156	3.44
1.00967	500	158	3.42
1.00985	500	160	3.4
1.01003	500	163	3.37
1.01021	500	165	3.35
1.01038	500	167	3.33
1.01056	500	169	3.31
1.01074	500	171	3.29
1.01092	500	173	3.27
1.0111	500	176	3.24
1.01127	500	177	3.23
1.01145	500	179	3.21
1.01163	500	182	3.18
1.01181	500	183	3.17
1.01198	500	185	3.15
1.01216	500	187	3.13
1.01234	500	189	3.11
1.01252	500	191	3.09
1.01269	500	193	3.07
1.01287	500	195	3.05
1.01307	500	197	3.03
1.01326	500	198	3.02
1.01344	500	197	3.03
1.01362	500	205	2.95
1.0138	500	204	2.96
1.01397	500	205	2.95
1.01415	500	207	2.93
1.01433	500	209	2.91
1.01453	500	211	2.89
1.01472	500	212	2.88
1.0149	500	214	2.86
1.01508	500	215	2.85
1.01525	500	217	2.83
1.01543	500	218	2.82
1.01561	500	220	2.8
1.01579	500	221	2.79
1.01596	500	223	2.77
1.01614	500	224	2.76
1.01632	500	226	2.74
1.0165	500	227	2.73
1.01668	500	228	2.72
1.01685	500	230	2.7
1.01703	500	231	2.69
1.01721	500	232	2.68
1.01739	500	234	2.66
1.01756	500	235	2.65
1.01774	500	236	2.64
1.01792	500	238	2.62
1.0181	500	239	2.61
1.01827	500	240	2.6
1.01845	500	241	2.59
1.01863	500	242	2.58
1.01881	500	243	2.57
1.01899	500	245	2.55
1.01916	500	246	2.54
1.01934	500	248	2.52
1.01952	500	248	2.52
1.0197	500	247	2.53
1.01988	500	249	2.51
1.02006	500	250	2.5
1.02023	500	253	2.47
1.02041	500	254	2.46
1.02059	500	254	2.46
1.02077	500	256	2.44
1.02094	500	259	2.41
1.02114	500	259	2.41
1.02133	500	259	2.41
1.02151	500	260	2.4
1.02168	500	260	2.4
1.02186	500	262	2.38
1.02204	500	263	2.37
1.02222	500	263	2.37
1.02239	500	264	2.36
1.02257	500	265	2.35
1.02275	500	266	2.34
1.02293	500	267	2.33
1.0231	500	268	2.32
1.02328	500	269	2.31
1.02346	500	270	2.3
1.02364	500	270	2.3
1.02382	500	271	2.29
1.02399	500	272	2.28
1.02417	500	273	2.27
1.02435	500	274	2.26
1.02456	500	275	2.25
1.02474	500	275	2.25
1.02492	500	276	2.24
1.0251	500	277	2.23
1.02528	500	278	2.22
1.02545	500	279	2.21
1.02563	500	279	2.21
1.02581	500	280	2.2
1.02599	500	281	2.19
1.02617	500	281	2.19
1.02634	500	282	2.18
1.02652	500	283	2.17
1.0267	500	283	2.17
1.02688	500	284	2.16
1.02705	500	285	2.15
1.02723	500	285	2.15
1.02741	500	286	2.14
1.02759	500	287	2.13
1.02776	500	287	2.13
1.02794	500	288	2.12
1.02812	500	289	2.11
1.0283	500	289	2.11
1.02847	500	290	2.1
1.02865	500	291	2.09
1.02883	500	291	2.09
1.02901	500	291	2.09
1.02922	500	292	2.08
1.0294	500	293	2.07
1.02957	500	293	2.07
1.02975	500	294	2.06
1.02993	500	294	2.06
1.03011	500	295	2.05
1.03028	500	295	2.05
1.03046	500	296	2.04
1.03064	500	296	2.04
1.03082	500	297	2.03
1.03099	500	298	2.02
1.03117	500	298	2.02
1.03135	500	299	2.01
1.03153	500	299	2.01
1.0317	500	299	2.01
1.03188	500	300	2
1.03206	500	300	2
1.03224	500	300	2
1.03242	500	301	1.99
1.0326	500	302	1.98
1.03277	500	302	1.98
1.03295	500	303	1.97
1.03313	500	302	1.98
1.0333	500	303	1.97
1.03348	500	303	1.97
1.03366	500	301	1.99
1.03384	500	304	1.96
1.03402	500	305	1.95
1.03419	500	305	1.95
1.03439	500	306	1.94
1.03458	500	306	1.94
1.03476	500	307	1.93
1.03493	500	307	1.93
1.03511	500	307	1.93
1.03529	500	308	1.92
1.03547	500	308	1.92
1.03565	500	308	1.92
1.03582	500	309	1.91
1.036	500	309	1.91
1.03618	500	309	1.91
1.03639	500	310	1.9
1.03657	500	310	1.9
1.03675	500	311	1.89
1.03692	500	311	1.89
1.03712	500	311	1.89
1.03731	500	312	1.88
1.03749	500	312	1.88
1.03767	500	312	1.88
1.03785	500	313	1.87
1.03802	500	313	1.87
1.0382	500	314	1.86
1.03838	500	314	1.86
1.03856	500	316	1.84
1.03873	500	315	1.85
1.03891	500	314	1.86
1.03909	500	313	1.87
1.03927	500	318	1.82
1.03945	500	316	1.84
1.03962	500	315	1.85
1.0398	500	316	1.84
1.03998	500	318	1.82
1.04016	500	317	1.83
1.04033	500	317	1.83
1.04051	500	317	1.83
1.04069	500	317	1.83
1.04087	500	317	1.83
1.04104	500	317	1.83
1.04122	500	318	1.82
1.0414	500	318	1.82
1.04158	500	318	1.82
1.04175	500	319	1.81
1.04193	500	319	1.81
1.04211	500	319	1.81
1.04229	500	319	1.81
1.04247	500	319	1.81
1.04264	500	320	1.8
1.04282	500	320	1.8
1.043	500	320	1.8
1.04318	500	320	1.8
1.04336	500	320	1.8
1.04353	500	321	1.79
1.04371	500	321	1.79
1.04389	500	321	1.79
1.04407	500	321	1.79
1.04424	500	322	1.78
1.04445	500	322	1.78
1.04463	500	322	1.78
1.04481	500	322	1.78
1.04499	500	322	1.78
1.0452	500	322	1.78
1.04538	500	323	1.77
1.04556	500	323	1.77
1.04573	500	323	1.77
1.04591	500	323	1.77
1.04609	500	324	1.76
1.04627	500	324	1.76
1.04645	500	324	1.76
1.04663	500	324	1.76
1.0468	500	324	1.76
1.04698	500	324	1.76
1.04716	500	324	1.76
1.04734	500	325	1.75
1.04752	500	325	1.75
1.0477	500	325	1.75
1.04787	500	325	1.75
1.04805	500	325	1.75
1.04823	500	326	1.74
1.04841	500	328	1.72
1.04859	500	325	1.75
1.04877	500	324	1.76
1.04894	500	327	1.73
1.04912	500	326	1.74
1.0493	500	327	1.73
1.04948	500	326	1.74
1.04966	500	328	1.72
1.04983	500	328	1.72
1.05001	500	326	1.74
1.05019	500	327	1.73
1.05037	500	327	1.73
1.05054	500	327	1.73
1.05072	500	328	1.72
1.0509	500	328	1.72
1.05108	500	327	1.73
1.05125	500	328	1.72
1.05143	500	328	1.72
1.05161	500	328	1.72
1.05179	500	328	1.72
1.05197	500	328	1.72
1.05214	500	329	1.71
1.05232	500	329	1.71
1.0525	500	329	1.71
1.05268	500	328	1.72
1.05286	500	329	1.71
1.05303	500	329	1.71
1.05324	500	329	1.71
1.05342	500	329	1.71
1.0536	500	329	1.71
1.05378	500	330	1.7
1.05395	500	330	1.7
1.05413	500	330	1.7
1.05431	500	330	1.7
1.05451	500	330	1.7
1.0547	500	330	1.7
1.05488	500	330	1.7
1.05505	500	330	1.7
1.05523	500	330	1.7
1.05541	500	330	1.7
1.05559	500	331	1.69
1.05577	500	331	1.69
1.05595	500	331	1.69
1.05612	500	331	1.69
1.0563	500	330	1.7
1.05648	500	331	1.69
1.05666	500	331	1.69
1.05683	500	329	1.71
1.05701	500	332	1.68
1.05719	500	332	1.68
1.05737	500	331	1.69
1.05755	500	329	1.71
1.05773	500	334	1.66
1.0579	500	332	1.68
1.05808	500	332	1.68
1.05826	500	330	1.7
1.05844	500	332	1.68
1.05862	500	332	1.68
1.05879	500	332	1.68
1.05897	500	332	1.68
1.05915	500	332	1.68
1.05933	500	332	1.68
1.05951	500	332	1.68
1.05968	500	332	1.68
1.05986	500	332	1.68
1.06004	500	332	1.68
1.06022	500	333	1.67
1.06039	500	333	1.67
1.06057	500	333	1.67
1.06075	500	333	1.67
1.06093	500	333	1.67
1.06112	500	335	1.65
1.06131	500	334	1.66
1.06149	500	333	1.67
1.06167	500	333	1.67
1.06185	500	333	1.67
1.06203	500	333	1.67
1.0622	500	333	1.67
1.06238	500	334	1.66
1.06256	500	333	1.67
1.06274	500	333	1.67
1.06292	500	334	1.66
1.0631	500	334	1.66
1.06327	500	334	1.66
1.06345	500	334	1.66
1.06363	500	334	1.66
1.06381	500	334	1.66
1.06398	500	334	1.66
1.06416	500	334	1.66
1.06434	500	334	1.66
1.06455	500	334	1.66
1.06473	500	334	1.66
1.06491	500	334	1.66
1.06508	500	334	1.66
1.06526	500	334	1.66
1.06544	500	334	1.66
1.06562	500	334	1.66
1.0658	500	334	1.66
1.06597	500	335	1.65
1.06615	500	334	1.66
1.06633	500	334	1.66
1.06651	500	335	1.65
1.06668	500	335	1.65
1.06686	500	335	1.65
1.06704	500	335	1.65
1.06722	500	335	1.65
1.06739	500	335	1.65
1.06757	500	335	1.65
1.06775	500	335	1.65
1.06793	500	335	1.65
1.06811	500	334	1.66
1.06828	500	335	1.65
1.06846	500	335	1.65
1.06864	500	335	1.65
1.06882	500	336	1.64
1.06899	500	336	1.64
1.0692	500	335	1.65
1.06938	500	335	1.65
1.06956	500	335	1.65
1.06973	500	335	1.65
1.06991	500	335	1.65
1.07009	500	335	1.65
1.07027	500	335	1.65
1.07045	500	336	1.64
1.07063	500	336	1.64
1.0708	500	336	1.64
1.07098	500	335	1.65
1.07116	500	336	1.64
1.07134	500	336	1.64
1.07151	500	335	1.65
1.07172	500	336	1.64
1.0719	500	336	1.64
1.07208	500	336	1.64
1.07226	500	336	1.64
1.07243	500	336	1.64
1.07261	500	336	1.64
1.07279	500	336	1.64
1.07297	500	336	1.64
1.07315	500	336	1.64
1.07332	500	336	1.64
1.0735	500	336	1.64
1.07368	500	336	1.64
1.07386	500	336	1.64
1.07404	500	336	1.64
1.07421	500	336	1.64
1.07441	500	336	1.64
1.0746	500	336	1.64
1.07478	500	336	1.64
1.07496	500	334	1.66
1.07514	500	339	1.61
1.07532	500	337	1.63
1.07549	500	336	1.64
1.07567	500	334	1.66
1.07585	500	339	1.61
1.07603	500	337	1.63
1.07621	500	336	1.64
1.07638	500	336	1.64
1.07656	500	336	1.64
1.07674	500	336	1.64
1.07691	500	336	1.64
1.07711	500	336	1.64
1.0773	500	336	1.64
1.07748	500	336	1.64
1.07766	500	336	1.64
1.07783	500	336	1.64
1.07801	500	338	1.62
1.07819	500	336	1.64
1.07837	500	336	1.64
1.07855	500	334	1.66
1.07872	500	336	1.64
1.0789	500	335	1.65
1.07908	500	335	1.65
1.07926	500	335	1.65
1.07944	500	337	1.63
1.07961	500	336	1.64
1.07979	500	337	1.63
1.07997	500	337	1.63
1.08015	500	337	1.63
1.08032	500	338	1.62
1.0805	500	337	1.63
1.08068	500	337	1.63
1.08086	500	337	1.63
1.08103	500	337	1.63
1.08121	500	337	1.63
1.08139	500	337	1.63
1.08157	500	337	1.63
1.08175	500	337	1.63
1.08192	500	337	1.63
1.0821	500	337	1.63
1.08228	500	337	1.63
1.08246	500	337	1.63
1.08264	500	337	1.63
1.08281	500	337	1.63
1.08299	500	337	1.63
1.08317	500	337	1.63
1.08334	500	337	1.63
1.08352	500	337	1.63
1.0837	500	337	1.63
1.08388	500	337	1.63
1.08406	500	337	1.63
1.08423	500	337	1.63
1.08443	500	337	1.63
1.08462	500	337	1.63
1.0848	500	337	1.63
1.08498	500	337	1.63
1.08518	500	337	1.63
1.08536	500	337	1.63
1.08554	500	337	1.63
1.08572	500	337	1.63
1.0859	500	337	1.63
1.08608	500	337	1.63
1.08625	500	337	1.63
1.08643	500	337	1.63
1.08661	500	337	1.63
1.08679	500	337	1.63
1.08697	500	337	1.63
1.08715	500	337	1.63
1.08732	500	337	1.63
1.0875	500	337	1.63
1.08768	500	338	1.62
1.08786	500	337	1.63
1.08804	500	337	1.63
1.08821	500	337	1.63
1.08839	500	337	1.63
1.08857	500	338	1.62
1.08875	500	337	1.63
1.08893	500	337	1.63
1.0891	500	338	1.62
1.08928	500	338	1.62
1.08946	500	336	1.64
1.08964	500	337	1.63
1.08982	500	338	1.62
1.08999	500	336	1.64
1.09017	500	339	1.61
1.09035	500	339	1.61
1.09053	500	337	1.63
1.0907	500	339	1.61
1.09088	500	336	1.64
1.09106	500	337	1.63
1.09124	500	336	1.64
1.09142	500	336	1.64
1.09159	500	338	1.62
1.09177	500	337	1.63
1.09195	500	338	1.62
1.09213	500	338	1.62
1.0923	500	336	1.64
1.09248	500	338	1.62
1.09266	500	338	1.62
1.09284	500	337	1.63
1.09301	500	338	1.62
1.09322	500	337	1.63
1.0934	500	337	1.63
1.09358	500	337	1.63
1.09376	500	338	1.62
1.09393	500	338	1.62
1.09411	500	340	1.6
1.09429	500	338	1.62
1.09449	500	338	1.62
1.09468	500	338	1.62
1.09486	500	338	1.62
1.09504	500	338	1.62
1.09521	500	338	1.62
1.09539	500	338	1.62
1.09557	500	337	1.63
1.09575	500	338	1.62
1.09592	500	338	1.62
1.0961	500	338	1.62
1.09628	500	338	1.62
1.09646	500	338	1.62
1.09663	500	338	1.62
1.09681	500	338	1.62
1.09699	500	338	1.62
1.09717	500	338	1.62
1.09735	500	338	1.62
1.09752	500	338	1.62
1.0977	500	338	1.62
1.09788	500	338	1.62
1.09806	500	338	1.62
1.09824	500	338	1.62
1.09841	500	338	1.62
1.09859	500	338	1.62
1.09877	500	338	1.62
1.09895	500	338	1.62
1.09913	500	338	1.62
1.0993	500	338	1.62
1.09948	500	338	1.62
1.09966	500	339	1.61
1.09984	500	336	1.64
1.10001	500	337	1.63
1.10019	500	340	1.6
1.10037	500	338	1.62
1.10055	500	337	1.63
1.10072	500	339	1.61
1.1009	500	336	1.64
1.1011	500	338	1.62
1.10129	500	338	1.62
1.10147	500	338	1.62
1.10165	500	338	1.62
1.10182	500	336	1.64
1.102	500	338	1.62
1.10218	500	338	1.62
1.10236	500	338	1.62
1.10253	500	338	1.62
1.10271	500	340	1.6
1.10289	500	338	1.62
1.10307	500	336	1.64
1.10325	500	335	1.65
1.10342	500	340	1.6
1.1036	500	337	1.63
1.10378	500	337	1.63
1.10396	500	338	1.62
1.10413	500	338	1.62
1.10431	500	338	1.62
1.10451	500	338	1.62
1.1047	500	338	1.62
1.10488	500	338	1.62
1.10506	500	338	1.62
1.10523	500	338	1.62
1.10541	500	338	1.62
1.10559	500	338	1.62
1.10577	500	338	1.62
1.10594	500	338	1.62
1.10618	500	338	1.62
1.10636	500	338	1.62
1.10654	500	338	1.62
1.10672	500	338	1.62
1.1069	500	338	1.62
1.1071	500	338	1.62
1.10728	500	338	1.62
1.10746	500	338	1.62
1.10764	500	338	1.62
1.10782	500	338	1.62
1.108	500	338	1.62
1.10817	500	338	1.62
1.10835	500	339	1.61
1.10853	500	338	1.62
1.10871	500	338	1.62
1.10889	500	338	1.62
1.10908	500	338	1.62
1.10927	500	339	1.61
1.10945	500	338	1.62
1.10963	500	338	1.62
1.10981	500	338	1.62
1.10998	500	338	1.62
1.11016	500	341	1.59
1.11034	500	339	1.61
1.1105	500	337	1.63
1.1106	500	338	1.62
1.11069	500	336	1.64
1.11078	500	338	1.62
1.11089	500	337	1.63
1.11098	500	339	1.61
1.11107	500	338	1.62
1.11116	500	339	1.61
1.11125	500	339	1.61
1.11134	500	336	1.64
1.11143	500	339	1.61
1.11152	500	339	1.61
1.11161	500	338	1.62
1.1117	500	338	1.62
1.1118	500	339	1.61
1.11189	500	339	1.61
1.11198	500	341	1.59
1.11207	500	338	1.62
1.11216	500	338	1.62
1.11225	500	336	1.64
1.11234	500	339	1.61
1.11243	500	339	1.61
1.11252	500	338	1.62
1.11261	500	339	1.61
1.1127	500	339	1.61
1.11279	500	339	1.61
1.11288	500	342	1.58
1.11297	500	338	1.62
1.11306	500	338	1.62
1.11315	500	337	1.63
1.11324	500	343	1.57
1.11333	500	339	1.61
1.11342	500	339	1.61
1.11351	500	340	1.6
1.11361	500	337	1.63
1.1137	500	338	1.62
1.11379	500	338	1.62
1.11388	500	338	1.62
1.11397	500	338	1.62
1.11406	500	339	1.61
1.11415	500	339	1.61
1.11424	500	338	1.62
1.11433	500	338	1.62
1.11443	500	338	1.62
1.11453	500	339	1.61
1.11462	500	339	1.61
1.11471	500	339	1.61
1.1148	500	339	1.61
1.11489	500	338	1.62
1.11498	500	339	1.61
1.11507	500	339	1.61
1.11516	500	338	1.62
1.11525	500	339	1.61
1.11535	500	339	1.61
1.11544	500	339	1.61
1.11553	500	339	1.61
1.11562	500	338	1.62
1.11571	500	339	1.61
1.1158	500	339	1.61
1.11589	500	338	1.62
1.11598	500	339	1.61
1.11607	500	339	1.61
1.11616	500	338	1.62
1.11625	500	338	1.62
1.11634	500	339	1.61
1.11643	500	339	1.61
1.11652	500	338	1.62
1.11661	500	338	1.62
1.1167	500	339	1.61
1.11679	500	339	1.61
1.11688	500	339	1.61
1.11697	500	338	1.62
1.11707	500	339	1.61
1.11716	500	338	1.62
1.11726	500	339	1.61
1.11735	500	339	1.61
1.11744	500	338	1.62
1.11753	500	338	1.62
1.11762	500	339	1.61
1.11771	500	338	1.62
1.1178	500	338	1.62
1.11789	500	338	1.62
1.11798	500	339	1.61
1.11808	500	339	1.61
1.11817	500	339	1.61
1.11826	500	339	1.61
1.11835	500	338	1.62
1.11844	500	339	1.61
1.11853	500	337	1.63
1.11862	500	339	1.61
1.11871	500	338	1.62
1.1188	500	338	1.62
1.11889	500	340	1.6
1.11898	500	339	1.61
1.11907	500	338	1.62
1.11916	500	338	1.62
1.11925	500	338	1.62
1.11934	500	335	1.65
1.11943	500	338	1.62
1.11952	500	339	1.61
1.11962	500	339	1.61
1.11971	500	339	1.61
1.1198	500	339	1.61
1.11989	500	338	1.62
1.11998	500	339	1.61
1.12007	500	339	1.61
1.12016	500	339	1.61
1.12025	500	339	1.61
1.12034	500	338	1.62
1.12043	500	339	1.61
1.12052	500	338	1.62
1.12061	500	338	1.62
1.1207	500	336	1.64
1.12079	500	342	1.58
1.12088	500	338	1.62
1.12097	500	339	1.61
1.12106	500	339	1.61
1.12115	500	339	1.61
1.12124	500	338	1.62
1.12133	500	338	1.62
1.12143	500	337	1.63
1.12152	500	339	1.61
1.12161	500	339	1.61
1.1217	500	339	1.61
1.12179	500	339	1.61
1.12188	500	337	1.63
1.12197	500	338	1.62
1.12206	500	339	1.61
1.12215	500	339	1.61
1.12224	500	339	1.61
1.12233	500	339	1.61
1.12242	500	339	1.61
1.12251	500	338	1.62
1.1226	500	338	1.62
1.12269	500	338	1.62
1.12279	500	338	1.62
1.12288	500	341	1.59
1.12297	500	338	1.62
1.12306	500	339	1.61
1.12315	500	339	1.61
1.12324	500	337	1.63
1.12333	500	334	1.66
1.12342	500	339	1.61
1.12351	500	339	1.61
1.1236	500	339	1.61
1.12369	500	334	1.66
1.12378	500	338	1.62
1.12387	500	338	1.62
1.12396	500	339	1.61
1.12406	500	339	1.61
1.12415	500	339	1.61
1.12425	500	339	1.61
1.12434	500	339	1.61
1.12444	500	338	1.62
1.12454	500	339	1.61
1.12463	500	339	1.61
1.12472	500	339	1.61
1.12481	500	339	1.61
1.1249	500	339	1.61
1.12499	500	338	1.62
1.12509	500	339	1.61
1.12518	500	339	1.61
1.12528	500	339	1.61
1.12537	500	339	1.61
1.12546	500	338	1.62
1.12555	500	338	1.62
1.12564	500	339	1.61
1.12573	500	339	1.61
1.12582	500	339	1.61
1.12591	500	338	1.62
1.126	500	339	1.61
1.12609	500	339	1.61
1.12618	500	339	1.61
1.12627	500	338	1.62
1.12636	500	339	1.61
1.12645	500	339	1.61
1.12654	500	338	1.62
1.12665	500	339	1.61
1.12674	500	339	1.61
1.12683	500	338	1.62
1.12692	500	338	1.62
1.12701	500	339	1.61
1.1271	500	339	1.61
1.12719	500	339	1.61
1.12728	500	339	1.61
1.12737	500	339	1.61
1.12746	500	338	1.62
1.12755	500	339	1.61
1.12764	500	338	1.62
1.12773	500	339	1.61
1.12782	500	339	1.61
1.12791	500	339	1.61
1.12801	500	338	1.62
1.1281	500	339	1.61
1.12819	500	338	1.62
1.12828	500	339	1.61
1.12837	500	338	1.62
1.12846	500	339	1.61
1.12855	500	340	1.6
1.12864	500	339	1.61
1.12873	500	339	1.61
1.12882	500	336	1.64
1.12891	500	339	1.61
1.129	500	341	1.59
1.12909	500	337	1.63
1.12918	500	336	1.64
1.12927	500	336	1.64
1.12936	500	339	1.61
1.12945	500	342	1.58
1.12954	500	336	1.64
1.12963	500	340	1.6
1.12972	500	337	1.63
1.12982	500	339	1.61
1.12991	500	338	1.62
1.13	500	337	1.63
1.13009	500	339	1.61
1.13018	500	338	1.62
1.13027	500	339	1.61
1.13036	500	343	1.57
1.13045	500	339	1.61
1.13054	500	339	1.61
1.13063	500	338	1.62
1.13072	500	338	1.62
1.13081	500	338	1.62
1.1309	500	339	1.61
1.13099	500	339	1.61
1.13108	500	338	1.62
1.13117	500	339	1.61
1.13126	500	339	1.61
1.13135	500	339	1.61
1.13145	500	339	1.61
1.13154	500	339	1.61
1.13163	500	338	1.62
1.13172	500	339	1.61
1.13181	500	338	1.62
1.1319	500	339	1.61
1.13199	500	339	1.61
1.13208	500	339	1.61
1.13217	500	337	1.63
1.13226	500	339	1.61
1.13235	500	339	1.61
1.13244	500	339	1.61
1.13253	500	338	1.62
1.13262	500	338	1.62
1.13271	500	338	1.62
1.1328	500	339	1.61
1.13289	500	337	1.63
1.13298	500	339	1.61
1.13308	500	339	1.61
1.13318	500	339	1.61
1.13327	500	338	1.62
1.13336	500	336	1.64
1.13345	500	338	1.62
1.13354	500	339	1.61
1.13363	500	338	1.62
1.13372	500	340	1.6
1.13381	500	339	1.61
1.1339	500	339	1.61
1.13399	500	338	1.62
1.13408	500	339	1.61
1.13417	500	338	1.62
1.13427	500	339	1.61
1.13436	500	338	1.62
1.13446	500	338	1.62
1.13455	500	338	1.62
1.13464	500	339	1.61
1.13473	500	339	1.61
1.13483	500	338	1.62
1.13492	500	338	1.62
1.13501	500	339	1.61
1.1351	500	339	1.61
1.13519	500	339	1.61
1.13528	500	338	1.62
1.13537	500	339	1.61
1.13546	500	339	1.61
1.13555	500	338	1.62
1.13564	500	339	1.61
1.13573	500	338	1.62
1.13582	500	339	1.61
1.13591	500	338	1.62
1.136	500	339	1.61
1.13609	500	339	1.61
1.13618	500	338	1.62
1.13627	500	339	1.61
1.13636	500	339	1.61
1.13645	500	339	1.61
1.13654	500	338	1.62
1.13663	500	338	1.62
1.13672	500	339	1.61
1.13681	500	338	1.62
1.1369	500	338	1.62
1.13699	500	338	1.62
1.13708	500	339	1.61
1.13717	500	339	1.61
1.13727	500	339	1.61
1.13736	500	338	1.62
1.13745	500	338	1.62
1.13754	500	338	1.62
1.13763	500	338	1.62
1.13772	500	338	1.62
1.13781	500	338	1.62
1.1379	500	339	1.61
1.13799	500	337	1.63
1.13808	500	339	1.61
1.13817	500	339	1.61
1.13826	500	339	1.61
1.13835	500	339	1.61
1.13844	500	340	1.6
1.13853	500	339	1.61
1.13862	500	339	1.61
1.13871	500	340	1.6
1.1388	500	339	1.61
1.13889	500	338	1.62
1.13898	500	339	1.61
1.13907	500	337	1.63
1.13916	500	339	1.61
1.13925	500	338	1.62
1.13934	500	339	1.61
1.13943	500	340	1.6
1.13952	500	338	1.62
1.13961	500	339	1.61
1.1397	500	339	1.61
1.13979	500	338	1.62
1.13988	500	338	1.62
1.13998	500	339	1.61
1.14007	500	339	1.61
1.14016	500	338	1.62
1.14025	500	339	1.61
1.14034	500	338	1.62
1.14043	500	337	1.63
1.14052	500	341	1.59
1.14061	500	339	1.61
1.1407	500	339	1.61
1.14079	500	339	1.61
1.14088	500	334	1.66
1.14097	500	339	1.61
1.14107	500	339	1.61
1.14116	500	339	1.61
1.14126	500	338	1.62
1.14135	500	337	1.63
1.14144	500	338	1.62
1.14153	500	339	1.61
1.14162	500	339	1.61
1.14171	500	339	1.61
1.1418	500	339	1.61
1.14189	500	339	1.61
1.14198	500	338	1.62
1.14207	500	338	1.62
1.14216	500	338	1.62
1.14225	500	339	1.61
1.14234	500	339	1.61
1.14243	500	337	1.63
1.14252	500	338	1.62
1.14262	500	339	1.61
1.14271	500	336	1.64
1.1428	500	338	1.62
1.14289	500	339	1.61
1.14298	500	339	1.61
1.14307	500	339	1.61
1.14316	500	334	1.66
1.14325	500	338	1.62
1.14334	500	339	1.61
1.14343	500	339	1.61
1.14352	500	343	1.57
1.14361	500	339	1.61
1.1437	500	338	1.62
1.14379	500	338	1.62
1.14388	500	338	1.62
1.14397	500	338	1.62
1.14406	500	339	1.61
1.14415	500	338	1.62
1.14424	500	339	1.61
1.14433	500	339	1.61
1.14445	500	338	1.62
1.14454	500	338	1.62
1.14463	500	339	1.61
1.14473	500	338	1.62
1.14482	500	338	1.62
1.14491	500	339	1.61
1.145	500	339	1.61
1.14509	500	339	1.61
1.14518	500	339	1.61
1.14527	500	339	1.61
1.14536	500	339	1.61
1.14545	500	338	1.62
1.14554	500	339	1.61
1.14563	500	338	1.62
1.14572	500	339	1.61
1.14581	500	338	1.62
